3084
3089
3090
3091
3105
3106
3107
3121
3122
3123
4289
4290
4291
4364
4369
4370
4371
4385
4386
4387
4401
4402
4403
4620
4625
4626
4627
4641
4642
4643
4657
4658
4659
4876
4881
4882
4883
4897
4898
4899
4913
4914
4915
8385
8386
8387
8460
8465
8466
8467
8481
8482
8483
8497
8498
8499
8716
8721
8722
8723
8737
8738
8739
8753
8754
8755
8972
8977
8978
8979
8993
8994
8995
9009
9010
9011
12481
12482
12483
12556
12561
12562
12563
12577
12578
12579
12593
12594
12595
12812
12817
12818
12819
12833
12834
12835
12849
12850
12851
13068
13073
13074
13075
13089
13090
13091
13105
13106
13107
18504
33924
49344
49424
49440
49456
49680
49696
49712
49936
49952
49968
