3101
3102
3117
3118
4381
4382
4397
4398
4561
4562
4563
4577
4578
4579
4637
4638
4653
4654
4817
4818
4819
4833
4834
4835
4893
4894
4909
4910
7436
7441
7442
7443
7457
7458
7459
7473
7474
7475
7692
7697
7698
7699
7713
7714
7715
7729
7730
7731
8477
8478
8493
8494
8657
8658
8659
8673
8674
8675
8733
8734
8749
8750
8913
8914
8915
8929
8930
8931
8989
8990
9005
9006
11532
11537
11538
11539
11553
11554
11555
11569
11570
11571
11788
11793
11794
11795
11809
11810
11811
11825
11826
11827
12573
12574
12589
12590
12753
12754
12755
12769
12770
12771
12829
12830
12845
12846
13009
13010
13011
13025
13026
13027
13085
13086
13101
13102
19532
35980
49616
49632
49872
49888
50372
51400
53441
53442
53521
53522
53537
53538
53553
53554
53777
53778
53793
53794
53809
53810
54033
54034
54049
54050
54065
54066
57537
57538
57617
57618
57633
57634
57649
57650
57873
57874
57889
57890
57905
57906
58129
58130
58145
58146
58161
58162
