4557
4558
4813
4814
7377
7378
7379
7393
7394
7395
7453
7454
7469
7470
7709
7710
7725
7726
8653
8654
8909
8910
11473
11474
11475
11489
11490
11491
11549
11550
11565
11566
11805
11806
11821
11822
12749
12750
13005
13006
19545
19546
19561
19562
22729
22730
22860
23116
26825
26826
26956
27212
35989
35990
36005
36006
38085
38086
38284
38540
42181
42182
42380
42636
50580
50596
50836
50852
51544
51560
51800
51816
52428
52497
52498
52513
52514
52529
52530
52753
52754
52769
52770
52785
52786
53532
53548
53713
53714
53729
53730
53788
53804
53969
53970
53985
53986
54044
54060
57628
57644
57809
57810
57825
57826
57884
57900
58065
58066
58081
58082
58140
58156
