298634445
298634446
315411661
315411662
483183825
483183826
483183827
483183841
483183842
483183843
483183901
483183902
483183917
483183918
483184157
483184158
483184173
483184174
483185101
483185102
483185357
483185358
483189197
483189198
483189453
483189454
483204301
483204302
483208397
483208398
483269837
483269838
483273933
483273934
483511501
483511502
483577037
483577038
484560077
484560078
484625613
484625614
488426701
488426702
489475277
489475278
505203917
505203918
506252493
506252494
567069901
567069902
583847117
583847118
751619281
751619282
751619283
751619297
751619298
751619299
751619357
751619358
751619373
751619374
751619613
751619614
751619629
751619630
751620557
751620558
751620813
751620814
751624653
751624654
751624909
751624910
751639757
751639758
751643853
751643854
751705293
751705294
751709389
751709390
751946957
751946958
752012493
752012494
752995533
752995534
753061069
753061070
756862157
756862158
757910733
757910734
773639373
773639374
774687949
774687950
835505357
835505358
852282573
852282574
1280923993
1280923994
1280924009
1280924010
1280924249
1280924250
1280924265
1280924266
1280928089
1280928090
1280928105
1280928106
1280928345
1280928346
1280928361
1280928362
1280989529
1280989530
1280989545
1280989546
1280989785
1280989786
1280989801
1280989802
1280993625
1280993626
1280993641
1280993642
1280993881
1280993882
1280993897
1280993898
1281972569
1281972570
1281972585
1281972586
1281972825
1281972826
1281972841
1281972842
1281976665
1281976666
1281976681
1281976682
1281976921
1281976922
1281976937
1281976938
1282038105
1282038106
1282038121
1282038122
1282038361
1282038362
1282038377
1282038378
1282042201
1282042202
1282042217
1282042218
1282042457
1282042458
1282042473
1282042474
1489590617
1489590618
1489590633
1489590634
1489590873
1489590874
1489590889
1489590890
1489594713
1489594714
1489594729
1489594730
1489594969
1489594970
1489594985
1489594986
1489656153
1489656154
1489656169
1489656170
1489656409
1489656410
1489656425
1489656426
1489660249
1489660250
1489660265
1489660266
1489660505
1489660506
1489660521
1489660522
1498175833
1498175834
1498175849
1498175850
1498176089
1498176090
1498176105
1498176106
1498179929
1498179930
1498179945
1498179946
1498180185
1498180186
1498180201
1498180202
1498990937
1498990938
1498990953
1498990954
1498991193
1498991194
1498991209
1498991210
1499024473
1499024474
1499024489
1499024490
1499027657
1499027658
1499027788
1499028044
1499031753
1499031754
1499031884
1499032140
1499090009
1499090010
1499090025
1499090026
1499093193
1499093194
1499093324
1499093580
1499097289
1499097290
1499097420
1499097676
1500039513
1500039514
1500039529
1500039530
1500039769
1500039770
1500039785
1500039786
1500073049
1500073050
1500073065
1500073066
1500076233
1500076234
1500076364
1500076620
1500080329
1500080330
1500080460
1500080716
1500138585
1500138586
1500138601
1500138602
1500141769
1500141770
1500141900
1500142156
1500145865
1500145866
1500145996
1500146252
1514953049
1514953050
1514953065
1514953066
1514953305
1514953306
1514953321
1514953322
1514957145
1514957146
1514957161
1514957162
1514957401
1514957402
1514957417
1514957418
1515768153
1515768154
1515768169
1515768170
1515768409
1515768410
1515768425
1515768426
1515801689
1515801690
1515801705
1515801706
1515804873
1515804874
1515805004
1515805260
1515808969
1515808970
1515809100
1515809356
1515867225
1515867226
1515867241
1515867242
1515870409
1515870410
1515870540
1515870796
1515874505
1515874506
1515874636
1515874892
1516816729
1516816730
1516816745
1516816746
1516816985
1516816986
1516817001
1516817002
1516850265
1516850266
1516850281
1516850282
1516853449
1516853450
1516853580
1516853836
1516857545
1516857546
1516857676
1516857932
1516915801
1516915802
1516915817
1516915818
1516918985
1516918986
1516919116
1516919372
1516923081
1516923082
1516923212
1516923468
1758026073
1758026074
1758026089
1758026090
1758026329
1758026330
1758026345
1758026346
1758030169
1758030170
1758030185
1758030186
1758030425
1758030426
1758030441
1758030442
1758091609
1758091610
1758091625
1758091626
1758091865
1758091866
1758091881
1758091882
1758095705
1758095706
1758095721
1758095722
1758095961
1758095962
1758095977
1758095978
1766611289
1766611290
1766611305
1766611306
1766611545
1766611546
1766611561
1766611562
1766615385
1766615386
1766615401
1766615402
1766615641
1766615642
1766615657
1766615658
1767426393
1767426394
1767426409
1767426410
1767426649
1767426650
1767426665
1767426666
1767459929
1767459930
1767459945
1767459946
1767463113
1767463114
1767463244
1767463500
1767467209
1767467210
1767467340
1767467596
1767525465
1767525466
1767525481
1767525482
1767528649
1767528650
1767528780
1767529036
1767532745
1767532746
1767532876
1767533132
1768474969
1768474970
1768474985
1768474986
1768475225
1768475226
1768475241
1768475242
1768508505
1768508506
1768508521
1768508522
1768511689
1768511690
1768511820
1768512076
1768515785
1768515786
1768515916
1768516172
1768574041
1768574042
1768574057
1768574058
1768577225
1768577226
1768577356
1768577612
1768581321
1768581322
1768581452
1768581708
1783388505
1783388506
1783388521
1783388522
1783388761
1783388762
1783388777
1783388778
1783392601
1783392602
1783392617
1783392618
1783392857
1783392858
1783392873
1783392874
1784203609
1784203610
1784203625
1784203626
1784203865
1784203866
1784203881
1784203882
1784237145
1784237146
1784237161
1784237162
1784240329
1784240330
1784240460
1784240716
1784244425
1784244426
1784244556
1784244812
1784302681
1784302682
1784302697
1784302698
1784305865
1784305866
1784305996
1784306252
1784309961
1784309962
1784310092
1784310348
1785252185
1785252186
1785252201
1785252202
1785252441
1785252442
1785252457
1785252458
1785285721
1785285722
1785285737
1785285738
1785288905
1785288906
1785289036
1785289292
1785293001
1785293002
1785293132
1785293388
1785351257
1785351258
1785351273
1785351274
1785354441
1785354442
1785354572
1785354828
1785358537
1785358538
1785358668
1785358924
2358613397
2358613398
2358613413
2358613414
2358613653
2358613654
2358613669
2358613670
2358617493
2358617494
2358617509
2358617510
2358617749
2358617750
2358617765
2358617766
2358678933
2358678934
2358678949
2358678950
2358679189
2358679190
2358679205
2358679206
2358683029
2358683030
2358683045
2358683046
2358683285
2358683286
2358683301
2358683302
2359661973
2359661974
2359661989
2359661990
2359662229
2359662230
2359662245
2359662246
2359666069
2359666070
2359666085
2359666086
2359666325
2359666326
2359666341
2359666342
2359727509
2359727510
2359727525
2359727526
2359727765
2359727766
2359727781
2359727782
2359731605
2359731606
2359731621
2359731622
2359731861
2359731862
2359731877
2359731878
2495976853
2495976854
2495976869
2495976870
2495977109
2495977110
2495977125
2495977126
2495980949
2495980950
2495980965
2495980966
2495981205
2495981206
2495981221
2495981222
2496042389
2496042390
2496042405
2496042406
2496042645
2496042646
2496042661
2496042662
2496046485
2496046486
2496046501
2496046502
2496046741
2496046742
2496046757
2496046758
2509018517
2509018518
2509018533
2509018534
2509018773
2509018774
2509018789
2509018790
2509022613
2509022614
2509022629
2509022630
2509022869
2509022870
2509022885
2509022886
2509555093
2509555094
2509555109
2509555110
2509555349
2509555350
2509555365
2509555366
2509606037
2509606038
2509606053
2509606054
2509608133
2509608134
2509608332
2509608588
2509612229
2509612230
2509612428
2509612684
2509671573
2509671574
2509671589
2509671590
2509673669
2509673670
2509673868
2509674124
2509677765
2509677766
2509677964
2509678220
2510603669
2510603670
2510603685
2510603686
2510603925
2510603926
2510603941
2510603942
2510654613
2510654614
2510654629
2510654630
2510656709
2510656710
2510656908
2510657164
2510660805
2510660806
2510661004
2510661260
2510720149
2510720150
2510720165
2510720166
2510722245
2510722246
2510722444
2510722700
2510726341
2510726342
2510726540
2510726796
2525795733
2525795734
2525795749
2525795750
2525795989
2525795990
2525796005
2525796006
2525799829
2525799830
2525799845
2525799846
2525800085
2525800086
2525800101
2525800102
2526332309
2526332310
2526332325
2526332326
2526332565
2526332566
2526332581
2526332582
2526383253
2526383254
2526383269
2526383270
2526385349
2526385350
2526385548
2526385804
2526389445
2526389446
2526389644
2526389900
2526448789
2526448790
2526448805
2526448806
2526450885
2526450886
2526451084
2526451340
2526454981
2526454982
2526455180
2526455436
2527380885
2527380886
2527380901
2527380902
2527381141
2527381142
2527381157
2527381158
2527431829
2527431830
2527431845
2527431846
2527433925
2527433926
2527434124
2527434380
2527438021
2527438022
2527438220
2527438476
2527497365
2527497366
2527497381
2527497382
2527499461
2527499462
2527499660
2527499916
2527503557
2527503558
2527503756
2527504012
2764412309
2764412310
2764412325
2764412326
2764412565
2764412566
2764412581
2764412582
2764416405
2764416406
2764416421
2764416422
2764416661
2764416662
2764416677
2764416678
2764477845
2764477846
2764477861
2764477862
2764478101
2764478102
2764478117
2764478118
2764481941
2764481942
2764481957
2764481958
2764482197
2764482198
2764482213
2764482214
2777453973
2777453974
2777453989
2777453990
2777454229
2777454230
2777454245
2777454246
2777458069
2777458070
2777458085
2777458086
2777458325
2777458326
2777458341
2777458342
2777990549
2777990550
2777990565
2777990566
2777990805
2777990806
2777990821
2777990822
2778041493
2778041494
2778041509
2778041510
2778043589
2778043590
2778043788
2778044044
2778047685
2778047686
2778047884
2778048140
2778107029
2778107030
2778107045
2778107046
2778109125
2778109126
2778109324
2778109580
2778113221
2778113222
2778113420
2778113676
2779039125
2779039126
2779039141
2779039142
2779039381
2779039382
2779039397
2779039398
2779090069
2779090070
2779090085
2779090086
2779092165
2779092166
2779092364
2779092620
2779096261
2779096262
2779096460
2779096716
2779155605
2779155606
2779155621
2779155622
2779157701
2779157702
2779157900
2779158156
2779161797
2779161798
2779161996
2779162252
2794231189
2794231190
2794231205
2794231206
2794231445
2794231446
2794231461
2794231462
2794235285
2794235286
2794235301
2794235302
2794235541
2794235542
2794235557
2794235558
2794767765
2794767766
2794767781
2794767782
2794768021
2794768022
2794768037
2794768038
2794818709
2794818710
2794818725
2794818726
2794820805
2794820806
2794821004
2794821260
2794824901
2794824902
2794825100
2794825356
2794884245
2794884246
2794884261
2794884262
2794886341
2794886342
2794886540
2794886796
2794890437
2794890438
2794890636
2794890892
2795816341
2795816342
2795816357
2795816358
2795816597
2795816598
2795816613
2795816614
2795867285
2795867286
2795867301
2795867302
2795869381
2795869382
2795869580
2795869836
2795873477
2795873478
2795873676
2795873932
2795932821
2795932822
2795932837
2795932838
2795934917
2795934918
2795935116
2795935372
2795939013
2795939014
2795939212
2795939468
3314914708
3314914724
3314914964
3314914980
3314918804
3314918820
3314919060
3314919076
3314980244
3314980260
3314980500
3314980516
3314984340
3314984356
3314984596
3314984612
3315963284
3315963300
3315963540
3315963556
3315967380
3315967396
3315967636
3315967652
3316028820
3316028836
3316029076
3316029092
3316032916
3316032932
3316033172
3316033188
3331691924
3331691940
3331692180
3331692196
3331696020
3331696036
3331696276
3331696292
3331757460
3331757476
3331757716
3331757732
3331761556
3331761572
3331761812
3331761828
3332740500
3332740516
3332740756
3332740772
3332744596
3332744612
3332744852
3332744868
3332806036
3332806052
3332806292
3332806308
3332810132
3332810148
3332810388
3332810404
3378075992
3378076008
3378076248
3378076264
3378080088
3378080104
3378080344
3378080360
3378141528
3378141544
3378141784
3378141800
3378145624
3378145640
3378145880
3378145896
3379124568
3379124584
3379124824
3379124840
3379128664
3379128680
3379128920
3379128936
3379190104
3379190120
3379190360
3379190376
3379194200
3379194216
3379194456
3379194472
3394853208
3394853224
3394853464
3394853480
3394857304
3394857320
3394857560
3394857576
3394918744
3394918760
3394919000
3394919016
3394922840
3394922856
3394923096
3394923112
3395901784
3395901800
3395902040
3395902056
3395905880
3395905896
3395906136
3395906152
3395967320
3395967336
3395967576
3395967592
3395971416
3395971432
3395971672
3395971688
3435973836
3435973905
3435973906
3435973921
3435973922
3435973937
3435973938
3435974161
3435974162
3435974177
3435974178
3435974193
3435974194
3435974940
3435974956
3435975121
3435975122
3435975137
3435975138
3435975196
3435975212
3435975377
3435975378
3435975393
3435975394
3435975452
3435975468
3435979036
3435979052
3435979217
3435979218
3435979233
3435979234
3435979292
3435979308
3435979473
3435979474
3435979489
3435979490
3435979548
3435979564
3435991500
3435991756
3435994321
3435994322
3435994337
3435994338
3435994396
3435994412
3435994652
3435994668
3435995596
3435995852
3435998417
3435998418
3435998433
3435998434
3435998492
3435998508
3435998748
3435998764
3435999692
3435999948
3436057036
3436057292
3436059857
3436059858
3436059873
3436059874
3436059932
3436059948
3436060188
3436060204
3436061132
3436061388
3436063953
3436063954
3436063969
3436063970
3436064028
3436064044
3436064284
3436064300
3436065228
3436065484
3436256460
3436260556
3436301521
3436301522
3436301537
3436301538
3436301596
3436301612
3436301852
3436301868
3436302796
3436303052
3436306892
3436307148
3436321996
3436326092
3436367057
3436367058
3436367073
3436367074
3436367132
3436367148
3436367388
3436367404
3436368332
3436368588
3436372428
3436372684
3436387532
3436391628
3437305036
3437309132
3437350097
3437350098
3437350113
3437350114
3437350172
3437350188
3437350428
3437350444
3437351372
3437351628
3437355468
3437355724
3437370572
3437374668
3437415633
3437415634
3437415649
3437415650
3437415708
3437415724
3437415964
3437415980
3437416908
3437417164
3437421004
3437421260
3437436108
3437440204
3440495820
3440561356
3441216721
3441216722
3441216737
3441216738
3441216796
3441216812
3441217052
3441217068
3441217996
3441218252
3441222092
3441222348
3441237196
3441241292
3441302732
3441306828
3441544396
3441609932
3442265297
3442265298
3442265313
3442265314
3442265372
3442265388
3442265628
3442265644
3442266572
3442266828
3442270668
3442270924
3442285772
3442289868
3442351308
3442355404
3442592972
3442658508
3457273036
3457338572
3457993937
3457993938
3457993953
3457993954
3457994012
3457994028
3457994268
3457994284
3457995212
3457995468
3457999308
3457999564
3458014412
3458018508
3458079948
3458084044
3458321612
3458387148
3459042513
3459042514
3459042529
3459042530
3459042588
3459042604
3459042844
3459042860
3459043788
3459044044
3459047884
3459048140
3459062988
3459067084
3459128524
3459132620
3459370188
3459435724
3508325580
3509374156
3519859921
3519859922
3519859937
3519859938
3519859996
3519860012
3519860252
3519860268
3519861196
3519861452
3519865292
3519865548
3519880396
3519884492
3519945932
3519950028
3520187596
3520253132
3521236172
3521301708
3525102796
3526151372
3536637137
3536637138
3536637153
3536637154
3536637212
3536637228
3536637468
3536637484
3536638412
3536638668
3536642508
3536642764
3536657612
3536661708
3536723148
3536727244
3536964812
3537030348
3538013388
3538078924
3541880012
3542928588
3776761036
3777809612
3788295377
3788295378
3788295393
3788295394
3788295452
3788295468
3788295708
3788295724
3788296652
3788296908
3788300748
3788301004
3788315852
3788319948
3788381388
3788385484
3788623052
3788688588
3789671628
3789737164
3793538252
3794586828
3805072593
3805072594
3805072609
3805072610
3805072668
3805072684
3805072924
3805072940
3805073868
3805074124
3805077964
3805078220
3805093068
3805097164
3805158604
3805162700
3805400268
3805465804
3806448844
3806514380
3810315468
3811364044
