483183821
483183822
751619277
751619278
1499027801
1499027802
1499027817
1499027818
1499028057
1499028058
1499028073
1499028074
1499031897
1499031898
1499031913
1499031914
1499032153
1499032154
1499032169
1499032170
1499093337
1499093338
1499093353
1499093354
1499093593
1499093594
1499093609
1499093610
1499097433
1499097434
1499097449
1499097450
1499097689
1499097690
1499097705
1499097706
1500076377
1500076378
1500076393
1500076394
1500076633
1500076634
1500076649
1500076650
1500080473
1500080474
1500080489
1500080490
1500080729
1500080730
1500080745
1500080746
1500141913
1500141914
1500141929
1500141930
1500142169
1500142170
1500142185
1500142186
1500146009
1500146010
1500146025
1500146026
1500146265
1500146266
1500146281
1500146282
1515805017
1515805018
1515805033
1515805034
1515805273
1515805274
1515805289
1515805290
1515809113
1515809114
1515809129
1515809130
1515809369
1515809370
1515809385
1515809386
1515870553
1515870554
1515870569
1515870570
1515870809
1515870810
1515870825
1515870826
1515874649
1515874650
1515874665
1515874666
1515874905
1515874906
1515874921
1515874922
1516853593
1516853594
1516853609
1516853610
1516853849
1516853850
1516853865
1516853866
1516857689
1516857690
1516857705
1516857706
1516857945
1516857946
1516857961
1516857962
1516919129
1516919130
1516919145
1516919146
1516919385
1516919386
1516919401
1516919402
1516923225
1516923226
1516923241
1516923242
1516923481
1516923482
1516923497
1516923498
1767463257
1767463258
1767463273
1767463274
1767463513
1767463514
1767463529
1767463530
1767467353
1767467354
1767467369
1767467370
1767467609
1767467610
1767467625
1767467626
1767528793
1767528794
1767528809
1767528810
1767529049
1767529050
1767529065
1767529066
1767532889
1767532890
1767532905
1767532906
1767533145
1767533146
1767533161
1767533162
1768511833
1768511834
1768511849
1768511850
1768512089
1768512090
1768512105
1768512106
1768515929
1768515930
1768515945
1768515946
1768516185
1768516186
1768516201
1768516202
1768577369
1768577370
1768577385
1768577386
1768577625
1768577626
1768577641
1768577642
1768581465
1768581466
1768581481
1768581482
1768581721
1768581722
1768581737
1768581738
1784240473
1784240474
1784240489
1784240490
1784240729
1784240730
1784240745
1784240746
1784244569
1784244570
1784244585
1784244586
1784244825
1784244826
1784244841
1784244842
1784306009
1784306010
1784306025
1784306026
1784306265
1784306266
1784306281
1784306282
1784310105
1784310106
1784310121
1784310122
1784310361
1784310362
1784310377
1784310378
1785289049
1785289050
1785289065
1785289066
1785289305
1785289306
1785289321
1785289322
1785293145
1785293146
1785293161
1785293162
1785293401
1785293402
1785293417
1785293418
1785354585
1785354586
1785354601
1785354602
1785354841
1785354842
1785354857
1785354858
1785358681
1785358682
1785358697
1785358698
1785358937
1785358938
1785358953
1785358954
2509608341
2509608342
2509608357
2509608358
2509608597
2509608598
2509608613
2509608614
2509612437
2509612438
2509612453
2509612454
2509612693
2509612694
2509612709
2509612710
2509673877
2509673878
2509673893
2509673894
2509674133
2509674134
2509674149
2509674150
2509677973
2509677974
2509677989
2509677990
2509678229
2509678230
2509678245
2509678246
2510656917
2510656918
2510656933
2510656934
2510657173
2510657174
2510657189
2510657190
2510661013
2510661014
2510661029
2510661030
2510661269
2510661270
2510661285
2510661286
2510722453
2510722454
2510722469
2510722470
2510722709
2510722710
2510722725
2510722726
2510726549
2510726550
2510726565
2510726566
2510726805
2510726806
2510726821
2510726822
2526385557
2526385558
2526385573
2526385574
2526385813
2526385814
2526385829
2526385830
2526389653
2526389654
2526389669
2526389670
2526389909
2526389910
2526389925
2526389926
2526451093
2526451094
2526451109
2526451110
2526451349
2526451350
2526451365
2526451366
2526455189
2526455190
2526455205
2526455206
2526455445
2526455446
2526455461
2526455462
2527434133
2527434134
2527434149
2527434150
2527434389
2527434390
2527434405
2527434406
2527438229
2527438230
2527438245
2527438246
2527438485
2527438486
2527438501
2527438502
2527499669
2527499670
2527499685
2527499686
2527499925
2527499926
2527499941
2527499942
2527503765
2527503766
2527503781
2527503782
2527504021
2527504022
2527504037
2527504038
2778043797
2778043798
2778043813
2778043814
2778044053
2778044054
2778044069
2778044070
2778047893
2778047894
2778047909
2778047910
2778048149
2778048150
2778048165
2778048166
2778109333
2778109334
2778109349
2778109350
2778109589
2778109590
2778109605
2778109606
2778113429
2778113430
2778113445
2778113446
2778113685
2778113686
2778113701
2778113702
2779092373
2779092374
2779092389
2779092390
2779092629
2779092630
2779092645
2779092646
2779096469
2779096470
2779096485
2779096486
2779096725
2779096726
2779096741
2779096742
2779157909
2779157910
2779157925
2779157926
2779158165
2779158166
2779158181
2779158182
2779162005
2779162006
2779162021
2779162022
2779162261
2779162262
2779162277
2779162278
2794821013
2794821014
2794821029
2794821030
2794821269
2794821270
2794821285
2794821286
2794825109
2794825110
2794825125
2794825126
2794825365
2794825366
2794825381
2794825382
2794886549
2794886550
2794886565
2794886566
2794886805
2794886806
2794886821
2794886822
2794890645
2794890646
2794890661
2794890662
2794890901
2794890902
2794890917
2794890918
2795869589
2795869590
2795869605
2795869606
2795869845
2795869846
2795869861
2795869862
2795873685
2795873686
2795873701
2795873702
2795873941
2795873942
2795873957
2795873958
2795935125
2795935126
2795935141
2795935142
2795935381
2795935382
2795935397
2795935398
2795939221
2795939222
2795939237
2795939238
2795939477
2795939478
2795939493
2795939494
3435973841
3435973842
3435973857
3435973858
3435973916
3435973932
3435974172
3435974188
3435975116
3435975372
3435979212
3435979468
3435994316
3435998412
3436059852
3436063948
3436301516
3436367052
3437350092
3437415628
3441216716
3442265292
3457993932
3459042508
3519859916
3536637132
3788295372
3805072588
