203214029
203214030
204262605
204262606
287100109
287100110
288148685
288148686
298634449
298634450
298634451
298634465
298634466
298634467
298634525
298634526
298634541
298634542
298634781
298634782
298634797
298634798
298635725
298635726
298635981
298635982
298639821
298639822
298640077
298640078
298654925
298654926
298659021
298659022
298720461
298720462
298724557
298724558
298962125
298962126
299027661
299027662
300010701
300010702
300076237
300076238
303877325
303877326
304925901
304925902
315411665
315411666
315411667
315411681
315411682
315411683
315411741
315411742
315411757
315411758
315411997
315411998
315412013
315412014
315412941
315412942
315413197
315413198
315417037
315417038
315417293
315417294
315432141
315432142
315436237
315436238
315497677
315497678
315501773
315501774
315739341
315739342
315804877
315804878
316787917
316787918
316853453
316853454
320654541
320654542
321703117
321703118
483183884
483183889
483183890
483183891
483183905
483183906
483183907
483183921
483183922
483183923
483184140
483184145
483184146
483184147
483184161
483184162
483184163
483184177
483184178
483184179
483184925
483184926
483184941
483184942
483185105
483185106
483185107
483185121
483185122
483185123
483185181
483185182
483185197
483185198
483185361
483185362
483185363
483185377
483185378
483185379
483185437
483185438
483185453
483185454
483189021
483189022
483189037
483189038
483189201
483189202
483189203
483189217
483189218
483189219
483189277
483189278
483189293
483189294
483189457
483189458
483189459
483189473
483189474
483189475
483189533
483189534
483189549
483189550
483201485
483201486
483201741
483201742
483204305
483204306
483204307
483204321
483204322
483204323
483204381
483204382
483204397
483204398
483204637
483204638
483204653
483204654
483205581
483205582
483205837
483205838
483208401
483208402
483208403
483208417
483208418
483208419
483208477
483208478
483208493
483208494
483208733
483208734
483208749
483208750
483209677
483209678
483209933
483209934
483267021
483267022
483267277
483267278
483269841
483269842
483269843
483269857
483269858
483269859
483269917
483269918
483269933
483269934
483270173
483270174
483270189
483270190
483271117
483271118
483271373
483271374
483273937
483273938
483273939
483273953
483273954
483273955
483274013
483274014
483274029
483274030
483274269
483274270
483274285
483274286
483275213
483275214
483275469
483275470
483466445
483466446
483470541
483470542
483511505
483511506
483511507
483511521
483511522
483511523
483511581
483511582
483511597
483511598
483511837
483511838
483511853
483511854
483512781
483512782
483513037
483513038
483516877
483516878
483517133
483517134
483531981
483531982
483536077
483536078
483577041
483577042
483577043
483577057
483577058
483577059
483577117
483577118
483577133
483577134
483577373
483577374
483577389
483577390
483578317
483578318
483578573
483578574
483582413
483582414
483582669
483582670
483597517
483597518
483601613
483601614
484515021
484515022
484519117
484519118
484560081
484560082
484560083
484560097
484560098
484560099
484560157
484560158
484560173
484560174
484560413
484560414
484560429
484560430
484561357
484561358
484561613
484561614
484565453
484565454
484565709
484565710
484580557
484580558
484584653
484584654
484625617
484625618
484625619
484625633
484625634
484625635
484625693
484625694
484625709
484625710
484625949
484625950
484625965
484625966
484626893
484626894
484627149
484627150
484630989
484630990
484631245
484631246
484646093
484646094
484650189
484650190
487705805
487705806
487771341
487771342
488426705
488426706
488426707
488426721
488426722
488426723
488426781
488426782
488426797
488426798
488427037
488427038
488427053
488427054
488427981
488427982
488428237
488428238
488432077
488432078
488432333
488432334
488447181
488447182
488451277
488451278
488512717
488512718
488516813
488516814
488754381
488754382
488819917
488819918
489475281
489475282
489475283
489475297
489475298
489475299
489475357
489475358
489475373
489475374
489475613
489475614
489475629
489475630
489476557
489476558
489476813
489476814
489480653
489480654
489480909
489480910
489495757
489495758
489499853
489499854
489561293
489561294
489565389
489565390
489802957
489802958
489868493
489868494
504483021
504483022
504548557
504548558
505203921
505203922
505203923
505203937
505203938
505203939
505203997
505203998
505204013
505204014
505204253
505204254
505204269
505204270
505205197
505205198
505205453
505205454
505209293
505209294
505209549
505209550
505224397
505224398
505228493
505228494
505289933
505289934
505294029
505294030
505531597
505531598
505597133
505597134
506252497
506252498
506252499
506252513
506252514
506252515
506252573
506252574
506252589
506252590
506252829
506252830
506252845
506252846
506253773
506253774
506254029
506254030
506257869
506257870
506258125
506258126
506272973
506272974
506277069
506277070
506338509
506338510
506342605
506342606
506580173
506580174
506645709
506645710
555535565
555535566
556584141
556584142
567069905
567069906
567069907
567069921
567069922
567069923
567069981
567069982
567069997
567069998
567070237
567070238
567070253
567070254
567071181
567071182
567071437
567071438
567075277
567075278
567075533
567075534
567090381
567090382
567094477
567094478
567155917
567155918
567160013
567160014
567397581
567397582
567463117
567463118
568446157
568446158
568511693
568511694
572312781
572312782
573361357
573361358
583847121
583847122
583847123
583847137
583847138
583847139
583847197
583847198
583847213
583847214
583847453
583847454
583847469
583847470
583848397
583848398
583848653
583848654
583852493
583852494
583852749
583852750
583867597
583867598
583871693
583871694
583933133
583933134
583937229
583937230
584174797
584174798
584240333
584240334
585223373
585223374
585288909
585288910
589089997
589089998
590138573
590138574
751619340
751619345
751619346
751619347
751619361
751619362
751619363
751619377
751619378
751619379
751619596
751619601
751619602
751619603
751619617
751619618
751619619
751619633
751619634
751619635
751620381
751620382
751620397
751620398
751620561
751620562
751620563
751620577
751620578
751620579
751620637
751620638
751620653
751620654
751620817
751620818
751620819
751620833
751620834
751620835
751620893
751620894
751620909
751620910
751624477
751624478
751624493
751624494
751624657
751624658
751624659
751624673
751624674
751624675
751624733
751624734
751624749
751624750
751624913
751624914
751624915
751624929
751624930
751624931
751624989
751624990
751625005
751625006
751636941
751636942
751637197
751637198
751639761
751639762
751639763
751639777
751639778
751639779
751639837
751639838
751639853
751639854
751640093
751640094
751640109
751640110
751641037
751641038
751641293
751641294
751643857
751643858
751643859
751643873
751643874
751643875
751643933
751643934
751643949
751643950
751644189
751644190
751644205
751644206
751645133
751645134
751645389
751645390
751702477
751702478
751702733
751702734
751705297
751705298
751705299
751705313
751705314
751705315
751705373
751705374
751705389
751705390
751705629
751705630
751705645
751705646
751706573
751706574
751706829
751706830
751709393
751709394
751709395
751709409
751709410
751709411
751709469
751709470
751709485
751709486
751709725
751709726
751709741
751709742
751710669
751710670
751710925
751710926
751901901
751901902
751905997
751905998
751946961
751946962
751946963
751946977
751946978
751946979
751947037
751947038
751947053
751947054
751947293
751947294
751947309
751947310
751948237
751948238
751948493
751948494
751952333
751952334
751952589
751952590
751967437
751967438
751971533
751971534
752012497
752012498
752012499
752012513
752012514
752012515
752012573
752012574
752012589
752012590
752012829
752012830
752012845
752012846
752013773
752013774
752014029
752014030
752017869
752017870
752018125
752018126
752032973
752032974
752037069
752037070
752950477
752950478
752954573
752954574
752995537
752995538
752995539
752995553
752995554
752995555
752995613
752995614
752995629
752995630
752995869
752995870
752995885
752995886
752996813
752996814
752997069
752997070
753000909
753000910
753001165
753001166
753016013
753016014
753020109
753020110
753061073
753061074
753061075
753061089
753061090
753061091
753061149
753061150
753061165
753061166
753061405
753061406
753061421
753061422
753062349
753062350
753062605
753062606
753066445
753066446
753066701
753066702
753081549
753081550
753085645
753085646
756141261
756141262
756206797
756206798
756862161
756862162
756862163
756862177
756862178
756862179
756862237
756862238
756862253
756862254
756862493
756862494
756862509
756862510
756863437
756863438
756863693
756863694
756867533
756867534
756867789
756867790
756882637
756882638
756886733
756886734
756948173
756948174
756952269
756952270
757189837
757189838
757255373
757255374
757910737
757910738
757910739
757910753
757910754
757910755
757910813
757910814
757910829
757910830
757911069
757911070
757911085
757911086
757912013
757912014
757912269
757912270
757916109
757916110
757916365
757916366
757931213
757931214
757935309
757935310
757996749
757996750
758000845
758000846
758238413
758238414
758303949
758303950
772918477
772918478
772984013
772984014
773639377
773639378
773639379
773639393
773639394
773639395
773639453
773639454
773639469
773639470
773639709
773639710
773639725
773639726
773640653
773640654
773640909
773640910
773644749
773644750
773645005
773645006
773659853
773659854
773663949
773663950
773725389
773725390
773729485
773729486
773967053
773967054
774032589
774032590
774687953
774687954
774687955
774687969
774687970
774687971
774688029
774688030
774688045
774688046
774688285
774688286
774688301
774688302
774689229
774689230
774689485
774689486
774693325
774693326
774693581
774693582
774708429
774708430
774712525
774712526
774773965
774773966
774778061
774778062
775015629
775015630
775081165
775081166
823971021
823971022
825019597
825019598
835505361
835505362
835505363
835505377
835505378
835505379
835505437
835505438
835505453
835505454
835505693
835505694
835505709
835505710
835506637
835506638
835506893
835506894
835510733
835510734
835510989
835510990
835525837
835525838
835529933
835529934
835591373
835591374
835595469
835595470
835833037
835833038
835898573
835898574
836881613
836881614
836947149
836947150
840748237
840748238
841796813
841796814
852282577
852282578
852282579
852282593
852282594
852282595
852282653
852282654
852282669
852282670
852282909
852282910
852282925
852282926
852283853
852283854
852284109
852284110
852287949
852287950
852288205
852288206
852303053
852303054
852307149
852307150
852368589
852368590
852372685
852372686
852610253
852610254
852675789
852675790
853658829
853658830
853724365
853724366
857525453
857525454
858574029
858574030
1280072025
1280072026
1280072041
1280072042
1280072281
1280072282
1280072297
1280072298
1280076121
1280076122
1280076137
1280076138
1280076377
1280076378
1280076393
1280076394
1280887129
1280887130
1280887145
1280887146
1280887385
1280887386
1280887401
1280887402
1280920665
1280920666
1280920681
1280920682
1280923849
1280923850
1280923980
1280924236
1280927945
1280927946
1280928076
1280928332
1280986201
1280986202
1280986217
1280986218
1280989385
1280989386
1280989516
1280989772
1280993481
1280993482
1280993612
1280993868
1281935705
1281935706
1281935721
1281935722
1281935961
1281935962
1281935977
1281935978
1281969241
1281969242
1281969257
1281969258
1281972425
1281972426
1281972556
1281972812
1281976521
1281976522
1281976652
1281976908
1282034777
1282034778
1282034793
1282034794
1282037961
1282037962
1282038092
1282038348
1282042057
1282042058
1282042188
1282042444
1489553753
1489553754
1489553769
1489553770
1489554009
1489554010
1489554025
1489554026
1489587289
1489587290
1489587305
1489587306
1489590473
1489590474
1489590604
1489590860
1489594569
1489594570
1489594700
1489594956
1489652825
1489652826
1489652841
1489652842
1489656009
1489656010
1489656140
1489656396
1489660105
1489660106
1489660236
1489660492
1498172505
1498172506
1498172521
1498172522
1498175689
1498175690
1498175820
1498176076
1498179785
1498179786
1498179916
1498180172
1498990793
1498990794
1498990924
1498991180
1499024460
1499089996
1500039369
1500039370
1500039500
1500039756
1500073036
1500138572
1514949721
1514949722
1514949737
1514949738
1514952905
1514952906
1514953036
1514953292
1514957001
1514957002
1514957132
1514957388
1515768009
1515768010
1515768140
1515768396
1515801676
1515867212
1516816585
1516816586
1516816716
1516816972
1516850252
1516915788
1757989209
1757989210
1757989225
1757989226
1757989465
1757989466
1757989481
1757989482
1758022745
1758022746
1758022761
1758022762
1758025929
1758025930
1758026060
1758026316
1758030025
1758030026
1758030156
1758030412
1758088281
1758088282
1758088297
1758088298
1758091465
1758091466
1758091596
1758091852
1758095561
1758095562
1758095692
1758095948
1766607961
1766607962
1766607977
1766607978
1766611145
1766611146
1766611276
1766611532
1766615241
1766615242
1766615372
1766615628
1767426249
1767426250
1767426380
1767426636
1767459916
1767525452
1768474825
1768474826
1768474956
1768475212
1768508492
1768574028
1783385177
1783385178
1783385193
1783385194
1783388361
1783388362
1783388492
1783388748
1783392457
1783392458
1783392588
1783392844
1784203465
1784203466
1784203596
1784203852
1784237132
1784302668
1785252041
1785252042
1785252172
1785252428
1785285708
1785351244
2358023573
2358023574
2358023589
2358023590
2358023829
2358023830
2358023845
2358023846
2358027669
2358027670
2358027685
2358027686
2358027925
2358027926
2358027941
2358027942
2358560149
2358560150
2358560165
2358560166
2358560405
2358560406
2358560421
2358560422
2358611093
2358611094
2358611109
2358611110
2358613189
2358613190
2358613388
2358613644
2358617285
2358617286
2358617484
2358617740
2358676629
2358676630
2358676645
2358676646
2358678725
2358678726
2358678924
2358679180
2358682821
2358682822
2358683020
2358683276
2359608725
2359608726
2359608741
2359608742
2359608981
2359608982
2359608997
2359608998
2359659669
2359659670
2359659685
2359659686
2359661765
2359661766
2359661964
2359662220
2359665861
2359665862
2359666060
2359666316
2359725205
2359725206
2359725221
2359725222
2359727301
2359727302
2359727500
2359727756
2359731397
2359731398
2359731596
2359731852
2495923605
2495923606
2495923621
2495923622
2495923861
2495923862
2495923877
2495923878
2495974549
2495974550
2495974565
2495974566
2495976645
2495976646
2495976844
2495977100
2495980741
2495980742
2495980940
2495981196
2496040085
2496040086
2496040101
2496040102
2496042181
2496042182
2496042380
2496042636
2496046277
2496046278
2496046476
2496046732
2509016213
2509016214
2509016229
2509016230
2509018309
2509018310
2509018508
2509018764
2509022405
2509022406
2509022604
2509022860
2509554885
2509554886
2509555084
2509555340
2509606028
2509671564
2510603461
2510603462
2510603660
2510603916
2510654604
2510720140
2525793429
2525793430
2525793445
2525793446
2525795525
2525795526
2525795724
2525795980
2525799621
2525799622
2525799820
2525800076
2526332101
2526332102
2526332300
2526332556
2526383244
2526448780
2527380677
2527380678
2527380876
2527381132
2527431820
2527497356
2764359061
2764359062
2764359077
2764359078
2764359317
2764359318
2764359333
2764359334
2764410005
2764410006
2764410021
2764410022
2764412101
2764412102
2764412300
2764412556
2764416197
2764416198
2764416396
2764416652
2764475541
2764475542
2764475557
2764475558
2764477637
2764477638
2764477836
2764478092
2764481733
2764481734
2764481932
2764482188
2777451669
2777451670
2777451685
2777451686
2777453765
2777453766
2777453964
2777454220
2777457861
2777457862
2777458060
2777458316
2777990341
2777990342
2777990540
2777990796
2778041484
2778107020
2779038917
2779038918
2779039116
2779039372
2779090060
2779155596
2794228885
2794228886
2794228901
2794228902
2794230981
2794230982
2794231180
2794231436
2794235077
2794235078
2794235276
2794235532
2794767557
2794767558
2794767756
2794768012
2794818700
2794884236
2795816133
2795816134
2795816332
2795816588
2795867276
2795932812
3251424464
3251424480
3268201680
3268201696
3301283220
3301283236
3301283476
3301283492
3301287316
3301287332
3301287572
3301287588
3301348756
3301348772
3301349012
3301349028
3301352852
3301352868
3301353108
3301353124
3314324884
3314324900
3314325140
3314325156
3314328980
3314328996
3314329236
3314329252
3314861460
3314861476
3314861716
3314861732
3314912404
3314912420
3314914500
3314918596
3314977940
3314977956
3314980036
3314984132
3315910036
3315910052
3315910292
3315910308
3315960980
3315960996
3315963076
3315967172
3316026516
3316026532
3316028612
3316032708
3331102100
3331102116
3331102356
3331102372
3331106196
3331106212
3331106452
3331106468
3331638676
3331638692
3331638932
3331638948
3331689620
3331689636
3331691716
3331695812
3331755156
3331755172
3331757252
3331761348
3332687252
3332687268
3332687508
3332687524
3332738196
3332738212
3332740292
3332744388
3332803732
3332803748
3332805828
3332809924
3368638808
3368638824
3368639064
3368639080
3368642904
3368642920
3368643160
3368643176
3368704344
3368704360
3368704600
3368704616
3368708440
3368708456
3368708696
3368708712
3377224024
3377224040
3377224280
3377224296
3377228120
3377228136
3377228376
3377228392
3378039128
3378039144
3378039384
3378039400
3378072664
3378072680
3378075848
3378079944
3378138200
3378138216
3378141384
3378145480
3379087704
3379087720
3379087960
3379087976
3379121240
3379121256
3379124424
3379128520
3379186776
3379186792
3379189960
3379194056
3394001240
3394001256
3394001496
3394001512
3394005336
3394005352
3394005592
3394005608
3394816344
3394816360
3394816600
3394816616
3394849880
3394849896
3394853064
3394857160
3394915416
3394915432
3394918600
3394922696
3395864920
3395864936
3395865176
3395865192
3395898456
3395898472
3395901640
3395905736
3395963992
3395964008
3395967176
3395971272
3435974849
3435974850
3435974929
3435974930
3435974945
3435974946
3435974961
3435974962
3435975185
3435975186
3435975201
3435975202
3435975217
3435975218
3435975441
3435975442
3435975457
3435975458
3435975473
3435975474
3435978945
3435978946
3435979025
3435979026
3435979041
3435979042
3435979057
3435979058
3435979281
3435979282
3435979297
3435979298
3435979313
3435979314
3435979537
3435979538
3435979553
3435979554
3435979569
3435979570
3435990044
3435990060
3435991324
3435991340
3435991505
3435991506
3435991521
3435991522
3435991580
3435991596
3435991761
3435991762
3435991777
3435991778
3435991836
3435991852
3435994385
3435994386
3435994401
3435994402
3435994417
3435994418
3435994641
3435994642
3435994657
3435994658
3435994673
3435994674
3435995420
3435995436
3435995601
3435995602
3435995617
3435995618
3435995676
3435995692
3435995857
3435995858
3435995873
3435995874
3435995932
3435995948
3435998481
3435998482
3435998497
3435998498
3435998513
3435998514
3435998737
3435998738
3435998753
3435998754
3435998769
3435998770
3435999516
3435999532
3435999697
3435999698
3435999713
3435999714
3435999772
3435999788
3435999953
3435999954
3435999969
3435999970
3436000028
3436000044
3436055580
3436055596
3436056860
3436056876
3436057041
3436057042
3436057057
3436057058
3436057116
3436057132
3436057297
3436057298
3436057313
3436057314
3436057372
3436057388
3436059921
3436059922
3436059937
3436059938
3436059953
3436059954
3436060177
3436060178
3436060193
3436060194
3436060209
3436060210
3436060956
3436060972
3436061137
3436061138
3436061153
3436061154
3436061212
3436061228
3436061393
3436061394
3436061409
3436061410
3436061468
3436061484
3436064017
3436064018
3436064033
3436064034
3436064049
3436064050
3436064273
3436064274
3436064289
3436064290
3436064305
3436064306
3436065052
3436065068
3436065233
3436065234
3436065249
3436065250
3436065308
3436065324
3436065489
3436065490
3436065505
3436065506
3436065564
3436065580
3436233164
3436233420
3436253644
3436253900
3436256465
3436256466
3436256481
3436256482
3436256540
3436256556
3436256796
3436256812
3436257740
3436257996
3436260561
3436260562
3436260577
3436260578
3436260636
3436260652
3436260892
3436260908
3436261836
3436262092
3436301585
3436301586
3436301601
3436301602
3436301617
3436301618
3436301841
3436301842
3436301857
3436301858
3436301873
3436301874
3436302620
3436302636
3436302801
3436302802
3436302817
3436302818
3436302876
3436302892
3436303057
3436303058
3436303073
3436303074
3436303132
3436303148
3436306716
3436306732
3436306897
3436306898
3436306913
3436306914
3436306972
3436306988
3436307153
3436307154
3436307169
3436307170
3436307228
3436307244
3436319180
3436319436
3436322001
3436322002
3436322017
3436322018
3436322076
3436322092
3436322332
3436322348
3436323276
3436323532
3436326097
3436326098
3436326113
3436326114
3436326172
3436326188
3436326428
3436326444
3436327372
3436327628
3436367121
3436367122
3436367137
3436367138
3436367153
3436367154
3436367377
3436367378
3436367393
3436367394
3436367409
3436367410
3436368156
3436368172
3436368337
3436368338
3436368353
3436368354
3436368412
3436368428
3436368593
3436368594
3436368609
3436368610
3436368668
3436368684
3436372252
3436372268
3436372433
3436372434
3436372449
3436372450
3436372508
3436372524
3436372689
3436372690
3436372705
3436372706
3436372764
3436372780
3436384716
3436384972
3436387537
3436387538
3436387553
3436387554
3436387612
3436387628
3436387868
3436387884
3436388812
3436389068
3436391633
3436391634
3436391649
3436391650
3436391708
3436391724
3436391964
3436391980
3436392908
3436393164
3437281740
3437281996
3437302220
3437302476
3437305041
3437305042
3437305057
3437305058
3437305116
3437305132
3437305372
3437305388
3437306316
3437306572
3437309137
3437309138
3437309153
3437309154
3437309212
3437309228
3437309468
3437309484
3437310412
3437310668
3437350161
3437350162
3437350177
3437350178
3437350193
3437350194
3437350417
3437350418
3437350433
3437350434
3437350449
3437350450
3437351196
3437351212
3437351377
3437351378
3437351393
3437351394
3437351452
3437351468
3437351633
3437351634
3437351649
3437351650
3437351708
3437351724
3437355292
3437355308
3437355473
3437355474
3437355489
3437355490
3437355548
3437355564
3437355729
3437355730
3437355745
3437355746
3437355804
3437355820
3437367756
3437368012
3437370577
3437370578
3437370593
3437370594
3437370652
3437370668
3437370908
3437370924
3437371852
3437372108
3437374673
3437374674
3437374689
3437374690
3437374748
3437374764
3437375004
3437375020
3437375948
3437376204
3437415697
3437415698
3437415713
3437415714
3437415729
3437415730
3437415953
3437415954
3437415969
3437415970
3437415985
3437415986
3437416732
3437416748
3437416913
3437416914
3437416929
3437416930
3437416988
3437417004
3437417169
3437417170
3437417185
3437417186
3437417244
3437417260
3437420828
3437420844
3437421009
3437421010
3437421025
3437421026
3437421084
3437421100
3437421265
3437421266
3437421281
3437421282
3437421340
3437421356
3437433292
3437433548
3437436113
3437436114
3437436129
3437436130
3437436188
3437436204
3437436444
3437436460
3437437388
3437437644
3437440209
3437440210
3437440225
3437440226
3437440284
3437440300
3437440540
3437440556
3437441484
3437441740
3440123084
3440127180
3440450764
3440454860
3440495825
3440495826
3440495841
3440495842
3440495900
3440495916
3440496156
3440496172
3440497100
3440497356
3440501196
3440501452
3440516300
3440520396
3440561361
3440561362
3440561377
3440561378
3440561436
3440561452
3440561692
3440561708
3440562636
3440562892
3440566732
3440566988
3440581836
3440585932
3441216785
3441216786
3441216801
3441216802
3441216817
3441216818
3441217041
3441217042
3441217057
3441217058
3441217073
3441217074
3441217820
3441217836
3441218001
3441218002
3441218017
3441218018
3441218076
3441218092
3441218257
3441218258
3441218273
3441218274
3441218332
3441218348
3441221916
3441221932
3441222097
3441222098
3441222113
3441222114
3441222172
3441222188
3441222353
3441222354
3441222369
3441222370
3441222428
3441222444
3441234380
3441234636
3441237201
3441237202
3441237217
3441237218
3441237276
3441237292
3441237532
3441237548
3441238476
3441238732
3441241297
3441241298
3441241313
3441241314
3441241372
3441241388
3441241628
3441241644
3441242572
3441242828
3441299916
3441300172
3441302737
3441302738
3441302753
3441302754
3441302812
3441302828
3441303068
3441303084
3441304012
3441304268
3441306833
3441306834
3441306849
3441306850
3441306908
3441306924
3441307164
3441307180
3441308108
3441308364
3441499340
3441503436
3441544401
3441544402
3441544417
3441544418
3441544476
3441544492
3441544732
3441544748
3441545676
3441545932
3441549772
3441550028
3441564876
3441568972
3441609937
3441609938
3441609953
3441609954
3441610012
3441610028
3441610268
3441610284
3441611212
3441611468
3441615308
3441615564
3441630412
3441634508
3442265361
3442265362
3442265377
3442265378
3442265393
3442265394
3442265617
3442265618
3442265633
3442265634
3442265649
3442265650
3442266396
3442266412
3442266577
3442266578
3442266593
3442266594
3442266652
3442266668
3442266833
3442266834
3442266849
3442266850
3442266908
3442266924
3442270492
3442270508
3442270673
3442270674
3442270689
3442270690
3442270748
3442270764
3442270929
3442270930
3442270945
3442270946
3442271004
3442271020
3442282956
3442283212
3442285777
3442285778
3442285793
3442285794
3442285852
3442285868
3442286108
3442286124
3442287052
3442287308
3442289873
3442289874
3442289889
3442289890
3442289948
3442289964
3442290204
3442290220
3442291148
3442291404
3442348492
3442348748
3442351313
3442351314
3442351329
3442351330
3442351388
3442351404
3442351644
3442351660
3442352588
3442352844
3442355409
3442355410
3442355425
3442355426
3442355484
3442355500
3442355740
3442355756
3442356684
3442356940
3442547916
3442552012
3442592977
3442592978
3442592993
3442592994
3442593052
3442593068
3442593308
3442593324
3442594252
3442594508
3442598348
3442598604
3442613452
3442617548
3442658513
3442658514
3442658529
3442658530
3442658588
3442658604
3442658844
3442658860
3442659788
3442660044
3442663884
3442664140
3442678988
3442683084
3456900300
3456904396
3457227980
3457232076
3457273041
3457273042
3457273057
3457273058
3457273116
3457273132
3457273372
3457273388
3457274316
3457274572
3457278412
3457278668
3457293516
3457297612
3457338577
3457338578
3457338593
3457338594
3457338652
3457338668
3457338908
3457338924
3457339852
3457340108
3457343948
3457344204
3457359052
3457363148
3457994001
3457994002
3457994017
3457994018
3457994033
3457994034
3457994257
3457994258
3457994273
3457994274
3457994289
3457994290
3457995036
3457995052
3457995217
3457995218
3457995233
3457995234
3457995292
3457995308
3457995473
3457995474
3457995489
3457995490
3457995548
3457995564
3457999132
3457999148
3457999313
3457999314
3457999329
3457999330
3457999388
3457999404
3457999569
3457999570
3457999585
3457999586
3457999644
3457999660
3458011596
3458011852
3458014417
3458014418
3458014433
3458014434
3458014492
3458014508
3458014748
3458014764
3458015692
3458015948
3458018513
3458018514
3458018529
3458018530
3458018588
3458018604
3458018844
3458018860
3458019788
3458020044
3458077132
3458077388
3458079953
3458079954
3458079969
3458079970
3458080028
3458080044
3458080284
3458080300
3458081228
3458081484
3458084049
3458084050
3458084065
3458084066
3458084124
3458084140
3458084380
3458084396
3458085324
3458085580
3458276556
3458280652
3458321617
3458321618
3458321633
3458321634
3458321692
3458321708
3458321948
3458321964
3458322892
3458323148
3458326988
3458327244
3458342092
3458346188
3458387153
3458387154
3458387169
3458387170
3458387228
3458387244
3458387484
3458387500
3458388428
3458388684
3458392524
3458392780
3458407628
3458411724
3459042577
3459042578
3459042593
3459042594
3459042609
3459042610
3459042833
3459042834
3459042849
3459042850
3459042865
3459042866
3459043612
3459043628
3459043793
3459043794
3459043809
3459043810
3459043868
3459043884
3459044049
3459044050
3459044065
3459044066
3459044124
3459044140
3459047708
3459047724
3459047889
3459047890
3459047905
3459047906
3459047964
3459047980
3459048145
3459048146
3459048161
3459048162
3459048220
3459048236
3459060172
3459060428
3459062993
3459062994
3459063009
3459063010
3459063068
3459063084
3459063324
3459063340
3459064268
3459064524
3459067089
3459067090
3459067105
3459067106
3459067164
3459067180
3459067420
3459067436
3459068364
3459068620
3459125708
3459125964
3459128529
3459128530
3459128545
3459128546
3459128604
3459128620
3459128860
3459128876
3459129804
3459130060
3459132625
3459132626
3459132641
3459132642
3459132700
3459132716
3459132956
3459132972
3459133900
3459134156
3459325132
3459329228
3459370193
3459370194
3459370209
3459370210
3459370268
3459370284
3459370524
3459370540
3459371468
3459371724
3459375564
3459375820
3459390668
3459394764
3459435729
3459435730
3459435745
3459435746
3459435804
3459435820
3459436060
3459436076
3459437004
3459437260
3459441100
3459441356
3459456204
3459460300
3502361804
3502427340
3507604684
3507670220
3508325585
3508325586
3508325601
3508325602
3508325660
3508325676
3508325916
3508325932
3508326860
3508327116
3508330956
3508331212
3508346060
3508350156
3508411596
3508415692
3508653260
3508718796
3509374161
3509374162
3509374177
3509374178
3509374236
3509374252
3509374492
3509374508
3509375436
3509375692
3509379532
3509379788
3509394636
3509398732
3509460172
3509464268
3509701836
3509767372
3519859985
3519859986
3519860001
3519860002
3519860017
3519860018
3519860241
3519860242
3519860257
3519860258
3519860273
3519860274
3519861020
3519861036
3519861201
3519861202
3519861217
3519861218
3519861276
3519861292
3519861457
3519861458
3519861473
3519861474
3519861532
3519861548
3519865116
3519865132
3519865297
3519865298
3519865313
3519865314
3519865372
3519865388
3519865553
3519865554
3519865569
3519865570
3519865628
3519865644
3519877580
3519877836
3519880401
3519880402
3519880417
3519880418
3519880476
3519880492
3519880732
3519880748
3519881676
3519881932
3519884497
3519884498
3519884513
3519884514
3519884572
3519884588
3519884828
3519884844
3519885772
3519886028
3519943116
3519943372
3519945937
3519945938
3519945953
3519945954
3519946012
3519946028
3519946268
3519946284
3519947212
3519947468
3519950033
3519950034
3519950049
3519950050
3519950108
3519950124
3519950364
3519950380
3519951308
3519951564
3520142540
3520146636
3520187601
3520187602
3520187617
3520187618
3520187676
3520187692
3520187932
3520187948
3520188876
3520189132
3520192972
3520193228
3520208076
3520212172
3520253137
3520253138
3520253153
3520253154
3520253212
3520253228
3520253468
3520253484
3520254412
3520254668
3520258508
3520258764
3520273612
3520277708
3521191116
3521195212
3521236177
3521236178
3521236193
3521236194
3521236252
3521236268
3521236508
3521236524
3521237452
3521237708
3521241548
3521241804
3521256652
3521260748
3521301713
3521301714
3521301729
3521301730
3521301788
3521301804
3521302044
3521302060
3521302988
3521303244
3521307084
3521307340
3521322188
3521326284
3524381900
3524447436
3525102801
3525102802
3525102817
3525102818
3525102876
3525102892
3525103132
3525103148
3525104076
3525104332
3525108172
3525108428
3525123276
3525127372
3525188812
3525192908
3525430476
3525496012
3526151377
3526151378
3526151393
3526151394
3526151452
3526151468
3526151708
3526151724
3526152652
3526152908
3526156748
3526157004
3526171852
3526175948
3526237388
3526241484
3526479052
3526544588
3536637201
3536637202
3536637217
3536637218
3536637233
3536637234
3536637457
3536637458
3536637473
3536637474
3536637489
3536637490
3536638236
3536638252
3536638417
3536638418
3536638433
3536638434
3536638492
3536638508
3536638673
3536638674
3536638689
3536638690
3536638748
3536638764
3536642332
3536642348
3536642513
3536642514
3536642529
3536642530
3536642588
3536642604
3536642769
3536642770
3536642785
3536642786
3536642844
3536642860
3536654796
3536655052
3536657617
3536657618
3536657633
3536657634
3536657692
3536657708
3536657948
3536657964
3536658892
3536659148
3536661713
3536661714
3536661729
3536661730
3536661788
3536661804
3536662044
3536662060
3536662988
3536663244
3536720332
3536720588
3536723153
3536723154
3536723169
3536723170
3536723228
3536723244
3536723484
3536723500
3536724428
3536724684
3536727249
3536727250
3536727265
3536727266
3536727324
3536727340
3536727580
3536727596
3536728524
3536728780
3536919756
3536923852
3536964817
3536964818
3536964833
3536964834
3536964892
3536964908
3536965148
3536965164
3536966092
3536966348
3536970188
3536970444
3536985292
3536989388
3537030353
3537030354
3537030369
3537030370
3537030428
3537030444
3537030684
3537030700
3537031628
3537031884
3537035724
3537035980
3537050828
3537054924
3537968332
3537972428
3538013393
3538013394
3538013409
3538013410
3538013468
3538013484
3538013724
3538013740
3538014668
3538014924
3538018764
3538019020
3538033868
3538037964
3538078929
3538078930
3538078945
3538078946
3538079004
3538079020
3538079260
3538079276
3538080204
3538080460
3538084300
3538084556
3538099404
3538103500
3541159116
3541224652
3541880017
3541880018
3541880033
3541880034
3541880092
3541880108
3541880348
3541880364
3541881292
3541881548
3541885388
3541885644
3541900492
3541904588
3541966028
3541970124
3542207692
3542273228
3542928593
3542928594
3542928609
3542928610
3542928668
3542928684
3542928924
3542928940
3542929868
3542930124
3542933964
3542934220
3542949068
3542953164
3543014604
3543018700
3543256268
3543321804
3770797260
3770862796
3776040140
3776105676
3776761041
3776761042
3776761057
3776761058
3776761116
3776761132
3776761372
3776761388
3776762316
3776762572
3776766412
3776766668
3776781516
3776785612
3776847052
3776851148
3777088716
3777154252
3777809617
3777809618
3777809633
3777809634
3777809692
3777809708
3777809948
3777809964
3777810892
3777811148
3777814988
3777815244
3777830092
3777834188
3777895628
3777899724
3778137292
3778202828
3788295441
3788295442
3788295457
3788295458
3788295473
3788295474
3788295697
3788295698
3788295713
3788295714
3788295729
3788295730
3788296476
3788296492
3788296657
3788296658
3788296673
3788296674
3788296732
3788296748
3788296913
3788296914
3788296929
3788296930
3788296988
3788297004
3788300572
3788300588
3788300753
3788300754
3788300769
3788300770
3788300828
3788300844
3788301009
3788301010
3788301025
3788301026
3788301084
3788301100
3788313036
3788313292
3788315857
3788315858
3788315873
3788315874
3788315932
3788315948
3788316188
3788316204
3788317132
3788317388
3788319953
3788319954
3788319969
3788319970
3788320028
3788320044
3788320284
3788320300
3788321228
3788321484
3788378572
3788378828
3788381393
3788381394
3788381409
3788381410
3788381468
3788381484
3788381724
3788381740
3788382668
3788382924
3788385489
3788385490
3788385505
3788385506
3788385564
3788385580
3788385820
3788385836
3788386764
3788387020
3788577996
3788582092
3788623057
3788623058
3788623073
3788623074
3788623132
3788623148
3788623388
3788623404
3788624332
3788624588
3788628428
3788628684
3788643532
3788647628
3788688593
3788688594
3788688609
3788688610
3788688668
3788688684
3788688924
3788688940
3788689868
3788690124
3788693964
3788694220
3788709068
3788713164
3789626572
3789630668
3789671633
3789671634
3789671649
3789671650
3789671708
3789671724
3789671964
3789671980
3789672908
3789673164
3789677004
3789677260
3789692108
3789696204
3789737169
3789737170
3789737185
3789737186
3789737244
3789737260
3789737500
3789737516
3789738444
3789738700
3789742540
3789742796
3789757644
3789761740
3792817356
3792882892
3793538257
3793538258
3793538273
3793538274
3793538332
3793538348
3793538588
3793538604
3793539532
3793539788
3793543628
3793543884
3793558732
3793562828
3793624268
3793628364
3793865932
3793931468
3794586833
3794586834
3794586849
3794586850
3794586908
3794586924
3794587164
3794587180
3794588108
3794588364
3794592204
3794592460
3794607308
3794611404
3794672844
3794676940
3794914508
3794980044
3805072657
3805072658
3805072673
3805072674
3805072689
3805072690
3805072913
3805072914
3805072929
3805072930
3805072945
3805072946
3805073692
3805073708
3805073873
3805073874
3805073889
3805073890
3805073948
3805073964
3805074129
3805074130
3805074145
3805074146
3805074204
3805074220
3805077788
3805077804
3805077969
3805077970
3805077985
3805077986
3805078044
3805078060
3805078225
3805078226
3805078241
3805078242
3805078300
3805078316
3805090252
3805090508
3805093073
3805093074
3805093089
3805093090
3805093148
3805093164
3805093404
3805093420
3805094348
3805094604
3805097169
3805097170
3805097185
3805097186
3805097244
3805097260
3805097500
3805097516
3805098444
3805098700
3805155788
3805156044
3805158609
3805158610
3805158625
3805158626
3805158684
3805158700
3805158940
3805158956
3805159884
3805160140
3805162705
3805162706
3805162721
3805162722
3805162780
3805162796
3805163036
3805163052
3805163980
3805164236
3805355212
3805359308
3805400273
3805400274
3805400289
3805400290
3805400348
3805400364
3805400604
3805400620
3805401548
3805401804
3805405644
3805405900
3805420748
3805424844
3805465809
3805465810
3805465825
3805465826
3805465884
3805465900
3805466140
3805466156
3805467084
3805467340
3805471180
3805471436
3805486284
3805490380
3806403788
3806407884
3806448849
3806448850
3806448865
3806448866
3806448924
3806448940
3806449180
3806449196
3806450124
3806450380
3806454220
3806454476
3806469324
3806473420
3806514385
3806514386
3806514401
3806514402
3806514460
3806514476
3806514716
3806514732
3806515660
3806515916
3806519756
3806520012
3806534860
3806538956
3809594572
3809660108
3810315473
3810315474
3810315489
3810315490
3810315548
3810315564
3810315804
3810315820
3810316748
3810317004
3810320844
3810321100
3810335948
3810340044
3810401484
3810405580
3810643148
3810708684
3811364049
3811364050
3811364065
3811364066
3811364124
3811364140
3811364380
3811364396
3811365324
3811365580
3811369420
3811369676
3811384524
3811388620
3811450060
3811454156
3811691724
3811757260
