5636010
8356223
11206485
12566719
14639327
15675631
16193783
16452859
16582397
16647166
22412970
25133183
27983445
33424126
39189930
44760405
50136317
50201086
55966890
61537365
66978046
72743850
78314325
83560699
83690237
89520810
95091285
106297770
111868245
117244157
123074730
128645205
139851690
145422165
150409463
150668539
156628650
162199125
173405610
178976085
190182570
195753045
206959530
212530005
217776379
223736490
229306965
240513450
246083925
257290410
262860885
274067370
279637845
284106991
284625143
290844330
296414805
307621290
313191765
324398250
329968725
341175210
346745685
357952170
363522645
374729130
380299605
391506090
397076565
408283050
413853525
418840823
425060010
430630485
441836970
447407445
458613930
464184405
475390890
480961365
492167850
497738325
508944810
514515285
525721770
531292245
542498730
548069205
551502047
552538351
559275690
564846165
576052650
581623125
592829610
598400085
609606570
615177045
626383530
631954005
643160490
648730965
659937450
665507925
676714410
682284885
693491370
699061845
710268330
715838805
727045290
732615765
743822250
749392725
760599210
766169685
777376170
782946645
794153130
799723605
810930090
816500565
820969711
827707050
833277525
844484010
850054485
861260970
866831445
878037930
883608405
894814890
900385365
911591850
917162325
928368810
933939285
945145770
950716245
961922730
967493205
978699690
984270165
995476650
1001047125
1012253610
1017824085
1029030570
1034601045
1045807530
1051378005
1062584490
1068154965
1079361450
1084931925
1086292159
1088364767
1096138410
1101708885
1112915370
1118485845
1129692330
1135262805
1146469290
1152039765
1163246250
1168816725
1180023210
1185593685
1196800170
1202370645
1213577130
1219147605
1230354090
1235924565
1247131050
1252701525
1263908010
1269478485
1280684970
1286255445
1297461930
1303032405
1314238890
1319809365
1331015850
1336586325
1347792810
1353363285
1364569770
1370140245
1381346730
1386917205
1398123690
1403694165
1414900650
1420471125
1431677610
1437248085
1448454570
1454025045
1465231530
1470802005
1482008490
1487578965
1498785450
1504355925
1515562410
1521132885
1532339370
1537909845
1549116330
1554686805
1565893290
1571463765
1582670250
1588240725
1599447210
1605017685
1616224170
1621794645
1625227487
1633001130
1638571605
1649778090
1655348565
1666555050
1672125525
1683332010
1688902485
1700108970
1705679445
1716885930
1722456405
1733662890
1739233365
1750439850
1756010325
1767216810
1772787285
1783993770
1789564245
1800770730
1806341205
1817547690
1823118165
1834324650
1839895125
1851101610
1856672085
1867878570
1873449045
1884655530
1890226005
1901432490
1907002965
1918209450
1923779925
1934986410
1940556885
1951763370
1957333845
1968540330
1974110805
1985317290
1990887765
2002094250
2007664725
2018871210
2024441685
2035648170
2041218645
2052425130
2057995605
2069202090
2074772565
2085979050
2091549525
2102756010
2108326485
2119532970
2125103445
2136309930
2141880405
2153086890
2155807103
2158657365
2160017599
2169863850
2172584063
2175434325
2186640810
2192211285
2203417770
2208988245
2220194730
2225765205
2236971690
2242542165
2253748650
2259319125
2270525610
2276096085
2287302570
2292873045
2304079530
2309650005
2320856490
2326426965
2337633450
2343203925
2354410410
2359980885
2371187370
2376757845
2387964330
2393534805
2404741290
2410311765
2421518250
2427088725
2438295210
2443865685
2455072170
2460642645
2471849130
2477419605
2488626090
2494196565
2505403050
2510973525
2522180010
2527750485
2538956970
2544527445
2555733930
2561304405
2572510890
2578081365
2589287850
2594858325
2606064810
2611635285
2622841770
2628412245
2639618730
2645189205
2656395690
2661966165
2673172650
2678743125
2689949610
2695520085
2706726570
2712297045
2723503530
2729074005
2740280490
2745850965
2757057450
2762627925
2773834410
2779404885
2790611370
2796181845
2807388330
2812958805
2824165290
2829735765
2840942250
2846512725
2857719210
2863289685
2874496170
2880066645
2891273130
2896843605
2908050090
2913620565
2924827050
2930397525
2941604010
2947174485
2958380970
2963951445
2975157930
2980728405
2991934890
2997505365
3008711850
3014282325
3025488810
3031059285
3042265770
3047836245
3059042730
3064613205
3075819690
3081390165
3092596650
3098167125
3109373610
3114944085
3126150570
3131721045
3142927530
3148498005
3159704490
3165274965
3176481450
3182051925
3193258410
3198828885
3210035370
3215605845
3226812330
3232382805
3233743039
3243589290
3249159765
3260366250
3265936725
3277143210
3282713685
3293920170
3299490645
3310697130
3316267605
3327474090
3333044565
3344251050
3349821525
3361028010
3366598485
3377804970
3383375445
3394581930
3400152405
3411358890
3416929365
3428135850
3433706325
3444912810
3450483285
3461689770
3467260245
3478466730
3484037205
3495243690
3500814165
3512020650
3517591125
3528797610
3534368085
3545574570
3551145045
3562351530
3567922005
3579128490
3584698965
3595905450
3601475925
3612682410
3618252885
3629459370
3635029845
3646236330
3651806805
3663013290
3668583765
3679790250
3685360725
3696567210
3702137685
3713344170
3718914645
3730121130
3735691605
3746898090
3752468565
3763675050
3769245525
3780452010
3786022485
3797228970
3802799445
3814005930
3819576405
3830782890
3836353365
3847559850
3853130325
3864336810
3869907285
3881113770
3886684245
3897890730
3903461205
3914667690
3920238165
3931444650
3937015125
3948221610
3953792085
3964998570
3970569045
3981775530
3987346005
3998552490
4004122965
4015329450
4020899925
4032106410
4037676885
4048883370
4054453845
4065660330
4071230805
4082437290
4088007765
4099214250
4104784725
4115991210
4121561685
4132768170
4138338645
4149545130
4155115605
4166322090
4171892565
4183099050
4188669525
4199876010
4205446485
4216652970
4222223445
4233429930
4239000405
4250206890
4255777365
4266983850
4272554325
4283760810
4289331285
