2089247
3141935
3660087
3919163
4048701
4113214
5239119
5574650
5583854
5586155
5620670
5622971
5632175
5716458
5753274
5765463
6024539
6105066
6153387
6154077
6218590
6234463
6283690
6797671
7060843
7190381
7254894
7576947
7705518
7707819
7708533
7773046
7838122
7966585
8032122
8161148
8225917
8226730
9433231
9959575
10218651
10348189
10412958
11008167
11149045
11167453
11172055
11175805
11180407
11198815
11246709
11265117
11271339
11400877
11432661
11441013
11465646
11505839
11530325
11787443
11919029
11983798
12177081
12209877
12241239
12242874
12307541
12371900
12468926
12501845
13072583
13335755
13465293
13530062
13860051
13979322
13988526
13991637
14056406
14108887
14121130
14249689
14315482
14444508
14509738
14892259
15023845
15088614
15285993
15345501
15350103
15351786
15410411
15416405
15480812
15610709
15802097
15867890
15998964
16061173
16064170
16257016
16386554
16387925
18866207
19918895
20437047
20696123
20825661
20890174
20890430
22016079
22351610
22360814
22397630
22493418
22530234
22542423
22801499
22882026
22931037
22995550
22995806
23011423
23060650
23574631
23837803
23967341
24031854
24032110
24353907
24482478
24485493
24550006
24550262
24615082
24743545
24809082
24809338
24938108
24938364
25003690
27189918
27952765
27957367
27975775
28217973
28242606
28760758
29018199
29019834
29148860
29278805
30307022
30833366
31092442
31221468
31865574
32122461
32127063
32128746
32257772
32387669
32644850
32775924
33033976
33163514
33164885
37602621
37667134
39128570
39137774
39174590
39658986
39707997
39772510
40744301
40808814
41259438
41262453
41326966
41520505
41586042
41715068
41715580
41780650
43902109
43966878
44702965
44721373
44729725
44954797
44986581
44994933
45019566
45472949
45537718
45731001
45763797
45796794
45925820
45926332
46022846
46055765
47019213
47083982
47533242
47542446
47545557
47610326
47803609
47869402
47998428
47998940
48063658
48577765
48642534
48839913
48899421
48905706
49034732
49035244
49164629
49356017
49421810
49552884
49553396
49615093
49618090
49810936
49811448
49941845
54379581
54444094
54444350
55905530
55914734
55951550
56435946
56484957
56549470
56549726
57521261
57585774
57586030
58036398
58039413
58103926
58104182
58297465
58363002
58363258
58492028
58492284
58492540
58492796
58557610
60743838
61506685
61771893
61796526
62314678
62573754
62702780
62703292
62832725
63860942
64387286
64646362
64775388
64775900
65419494
65676381
65682666
65811692
65812204
65941589
66198770
66329844
66330356
66587896
66588408
66718805
71027003
71156541
72682490
72693995
72730811
73132379
73212906
73261227
73261917
74168683
74298221
74684787
74815659
74816373
75074425
75075449
75139962
75268988
75333757
75334570
77326491
77456029
78256885
78275293
78283645
78354549
78372957
78379179
78508717
78895283
79026869
79284921
79285945
79317717
79350714
79415381
79479740
80443595
80573133
80967891
81087162
81099477
81357529
81358553
81423322
81552348
81617578
82000099
82131685
82393833
82394857
82453341
82459626
82518251
82524245
82588652
82909937
82910961
82975730
83106804
83172010
83364856
83365880
83495765
87803963
87933501
89459450
89909339
89989866
90038877
90945643
91075181
91461747
91593333
91851385
91852409
91916922
91917178
92045948
92046204
92111530
95060605
96127674
96256700
98200282
98329308
99230301
99236586
99365612
99752690
99883764
100141816
100142840
100272725
104710461
106236410
106766826
106815837
107852141
108370293
108628345
108629369
108693882
108822908
108823420
108888490
111009949
111810805
111829213
111837565
112062637
112580789
112838841
112839865
112871637
112904634
113033660
113034172
114127053
114641082
114653397
114911449
114912473
114977242
115106268
115106780
115171498
115685605
115947753
115948777
116007261
116013546
116142572
116143084
116463857
116464881
116529650
116660724
116661236
116725930
116918776
116919288
116919800
116920312
117049685
121487421
123013370
123543786
123592797
124629101
125147253
125405305
125406329
125470842
125471098
125599868
125600124
125600380
125600636
125665450
128614525
129681594
129810620
129811132
131754202
131883228
131883740
132784221
132790506
132919532
132920044
133306610
133437684
133438196
133695736
133696248
133696760
133697272
133826645
137875767
138134843
139790330
139801835
139838651
139932138
139968954
139981143
140240219
141013351
141276523
141792627
141794675
141923499
141924213
141988726
142053802
142182265
142247802
144175255
144434331
145223847
145364725
145387735
145396087
145462389
145487019
146003123
146005171
146134709
146199478
146392761
146425557
146456919
146458554
146523221
147288263
147551435
148075731
148077779
148195002
148207317
148272086
148324567
148336810
148465369
148531162
149107939
149109987
149239525
149304294
149501673
149565783
149567466
149632085
150017777
150019825
150083570
150085618
150214644
150279850
150472696
150602234
150603605
154652727
154911803
156567290
156709098
156745914
156758103
157017179
157790311
158053483
158569587
158571635
158701173
158765686
158765942
158830762
158959225
159024762
159025018
162173047
162976438
163233879
163235514
165049046
165308122
166081254
166342743
166344426
166860530
166862578
166991604
167249656
167379194
167380565
173344250
175478133
175542646
175736185
175801722
178918645
179688629
179753398
179946681
179979477
180012474
181748922
181761237
181826006
182019289
182085082
182793445
182858214
183055593
183121386
183571697
183573745
183637490
183639538
183768564
183769076
183833770
184026616
184027128
184157525
190121210
192255093
192319606
192319862
192513145
192578682
192578938
196530358
196789434
198602966
198862042
199635174
199898346
200414450
200416498
200545524
200546036
200803576
200804088
200934485
205242683
206898170
206909675
206946491
207348059
208384363
208900467
208902515
209031339
209032053
209290105
209291129
209355642
211542171
212472565
212570229
212594859
213110963
213113011
213242549
213500601
213501625
213533397
213566394
213631061
214659275
215183571
215185619
215302842
215315157
215573209
215574233
215639002
216215779
216217827
216347365
216609513
216610537
216675306
216739925
217125617
217126641
217127665
217128689
217191410
217193458
217322484
217387690
217580536
217581560
217711445
222019643
223675130
224125019
225161323
225677427
225679475
225809013
226067065
226068089
226132602
226132858
230343354
232415962
233452266
233968370
233970418
234099444
234357496
234358520
234488405
240452090
242585973
242844025
242845049
242909562
246026485
246796469
247054521
247055545
247087317
247120314
248856762
248869077
249127129
249128153
249192922
249901285
250163433
250164457
250229226
250679537
250680561
250681585
250682609
250745330
250747378
250876404
250876916
250941610
251134456
251134968
251135480
251135992
251265365
257229050
259362933
259620985
259622009
259686522
259686778
263897274
265969882
267006186
267522290
267524338
267653364
267653876
267911416
267911928
267912440
267912952
268042325
271573295
272091447
273670479
274015214
274017515
274063535
274147818
274196823
275229031
275233127
275492203
275621741
275686254
276008307
276136878
276139179
276139893
276204406
276269482
277864591
278390935
279439527
279443623
279580405
279603415
279611767
279678069
279702699
279832237
279864021
279872373
279897006
279937199
279961685
280218803
280350389
280415158
281503943
281508039
281767115
281896653
281961422
282291411
282419886
282422997
282487766
282552490
283323619
283327715
283455205
283459301
283519974
283524070
283717353
283781463
283783146
283847765
283912172
284042069
284233457
284299250
284430324
284492533
284495530
288350255
288868407
290447439
290792174
290924778
290973783
292005991
292010087
292269163
292398701
292463214
292463470
292785267
292913838
292916853
292981366
292981622
293046442
296388727
296649333
296673966
297192118
298738382
299264726
300296934
300301030
300558423
300560106
300689132
300819029
301076210
301207284
307569134
309175661
309240174
309690798
309693813
309758326
313134325
313386157
313417941
313426293
313450926
313904309
313969078
315450573
315515342
315973806
315976917
316041686
317009125
317013221
317073894
317077990
317271273
317337066
317466092
317466604
317595989
317787377
317853170
317984244
317984756
318046453
318049450
324346094
325952621
326017134
326017390
326467758
326470773
326535286
326535542
330203253
330227886
330746038
332292302
332818646
333850854
333854950
334114026
334243052
334243564
334372949
334630130
334761204
334761716
341125355
342600043
342729581
343116147
343247019
343247733
346688245
346785909
346810539
346940077
347326643
347458229
348874955
349004493
349399251
349530837
350431459
350435555
350563045
350567141
350825193
350826217
350890986
350955605
351020012
351341297
351342321
351407090
351538164
351603370
359377003
359506541
359893107
360024693
367667946
367796972
368184050
368315124
376283501
376801653
380242165
380493997
381012149
382558413
383084757
384116965
384121061
384379113
384380137
384444906
384573932
384574444
384895217
384896241
384961010
385092084
385092596
385157290
393060461
393578613
401221866
401350892
401351404
401737970
401869044
401869556
406307127
408233195
408363498
408412503
409444711
409448807
409707883
410223987
410226035
410354859
410355573
410420086
410485162
412606615
413655207
413659303
413796085
413819095
413827447
413893749
413918379
414434483
414436531
414566069
414630838
415719623
415723719
415982795
416507091
416509139
416638677
416703446
416768170
417539299
417541347
417543395
417545443
417670885
417674981
417735654
417739750
417933033
417997143
417998826
418063445
418449137
418451185
418514930
418516978
418646004
418711210
423084087
425140458
425189463
426221671
426225767
426484843
427000947
427002995
427132533
427197046
427197302
427262122
430604407
431407798
433480406
434512614
434516710
434774103
434775786
435291890
435293938
435422964
443909493
443974006
447350005
448119989
448184758
450192597
450257366
451224805
451228901
451289574
451293670
451486953
451552746
452003057
452005105
452068850
452070898
452199924
452200436
452265130
460686453
460750966
460751222
464961718
467034326
468066534
468070630
468329706
468845810
468847858
468976884
468977396
475341035
476815723
477331827
477333875
477462699
477463413
480903925
481001589
481026219
481542323
481544371
481673909
483090635
483614931
483616979
483746517
484647139
484649187
484651235
484653283
484778725
484782821
485040873
485041897
485106666
485171285
485556977
485558001
485559025
485560049
485622770
485624818
485753844
485819050
493592683
494108787
494110835
494240373
501883626
502399730
502401778
502530804
511017333
514457845
515227829
517300437
518332645
518336741
518594793
518595817
518660586
519110897
519111921
519112945
519113969
519176690
519178738
519307764
519308276
519372970
527794293
535437546
535953650
535955698
536084724
536085236
538951967
540004655
542101839
542110031
542446574
542448875
542494895
542579178
542628183
542887259
542967786
543016107
543016797
543081310
543097183
543146410
543660391
543923563
544053101
544117614
546295951
546304143
546822295
547081371
547210909
547275678
547870887
548030173
548034775
548061535
548127837
548134059
548263597
548295381
548328366
548393045
549935303
549943495
550198475
550206667
550328013
550336205
550392782
550400974
550722771
550851246
550854357
550919126
550983850
551112409
551178202
551307228
551372458
551754979
551886565
551951334
552148713
552208221
552212823
552214506
552273131
552279125
552343532
552473429
555728927
556781615
558878799
558886991
559223534
559356138
559405143
559664219
559744746
559793757
559858270
559858526
559874143
559923370
560437351
560700523
560830061
560894574
560894830
564052638
564838495
565105326
567169742
567177934
567696086
567955162
568084188
568728294
568985181
568989783
568991466
569120492
569250389
576000494
576521706
576570717
576635230
577607021
577671534
580764829
580829598
581584093
581817517
581849301
581882286
583881933
583890125
583946702
583954894
584405166
584408277
584473046
584666329
584732122
584861148
584861660
584926378
585440485
585505254
585702633
585762141
585768426
585897452
585897964
586027349
592777454
593298666
593347677
593412190
593412446
594383981
594448494
594448750
597606558
598659246
600723662
600731854
601250006
601509082
601638108
601638620
602282214
602539101
602545386
602674412
602674924
602804309
609556715
609995099
610075626
610123947
610124637
611031403
611160941
614189211
614318749
615138013
615235677
615241899
615371437
617306315
617314507
617435853
617444045
617830611
617962197
618220249
618221273
618286042
618415068
618480298
618862819
618994405
619256553
619257577
619316061
619322346
619380971
619386965
619451372
626772059
626852586
626901597
627808363
627937901
635063002
635192028
636093021
636099306
636228332
643629546
643678557
644714861
647872669
648691933
648925357
650989773
650997965
651516117
651774169
651775193
651839962
651968988
651969500
652034218
652548325
652810473
652811497
652869981
652876266
653005292
653005804
660406506
660455517
661491821
668616922
668745948
668746460
669646941
669653226
669782252
669782764
676664555
676794858
676843863
677102939
677876071
678139243
681037975
681297051
682086567
682250455
682349739
684150983
684159175
684414155
684422347
684938451
684940499
685070037
685134806
685199530
685328089
685393882
685970659
685972707
686102245
686167014
686364393
686428503
686430186
686494805
693571818
693620823
693879899
694653031
694916203
701911766
702170842
702943974
703205463
703207146
718623957
718688726
718882009
718947802
719656165
719720934
719918313
719984106
735465686
735724762
736497894
736761066
743772395
744210779
745247083
748404891
749457579
751521995
751530187
752046291
752048339
752177877
752435929
752436953
752501722
753078499
753080547
753210085
753472233
753473257
753538026
753602645
760987739
762024043
769278682
770314986
785731797
785989849
785990873
786055642
786764005
787026153
787027177
787091946
802832602
803868906
808436015
810533199
810541391
810877934
810880235
810926255
811010538
811059543
812091751
812095847
812354923
812484461
812548974
814727311
814735503
815253655
816302247
816306343
816466135
816565419
816694957
816726741
816759726
816824405
818366663
818370759
818374855
818378951
818629835
818638027
818759373
818767565
818824142
818832334
819154131
819282606
819285717
819350486
819415210
820186339
820190435
820317925
820322021
820382694
820386790
820580073
820644183
820645866
820710485
820774892
820904789
825212975
827310159
827318351
827654894
827787498
827836503
828868711
828872807
829131883
829261421
829325934
829326190
833536686
835601102
835609294
836127446
837159654
837163750
837421143
837422826
837551852
837681749
844431854
846038381
846102894
850248877
850280661
850313646
852313293
852321485
852378062
852386254
852836526
852839637
852904406
853871845
853875941
853936614
853940710
854133993
854199786
854328812
854329324
854458709
861208814
862815341
862879854
862880110
867090606
869155022
869163214
869681366
870713574
870717670
870976746
871105772
871106284
871235669
877988075
879462763
879592301
883673259
883802797
885737675
885745867
885867213
885875405
886261971
886393557
887294179
887298275
887425765
887429861
887687913
887688937
887753706
887818325
887882732
896239723
896369261
904530666
904659692
913146221
917356717
919421133
919429325
919947477
920979685
920983781
921241833
921242857
921307626
921436652
921437164
929923181
938084586
938213612
938214124
945095915
945226218
945275223
946307431
946311527
946570603
949469335
950517927
950522023
950681815
950781099
952582343
952586439
952590535
952594631
952845515
952853707
953369811
953371859
953501397
953566166
953630890
954402019
954404067
954406115
954408163
954533605
954537701
954598374
954602470
954795753
954859863
954861546
954926165
962003178
962052183
963084391
963088487
963347563
970343126
971375334
971379430
971636823
971638506
987055317
987120086
988087525
988091621
988152294
988156390
988349673
988415466
1003897046
1004929254
1004933350
1005192426
1012203755
1013678443
1017888939
1019953355
1019961547
1020477651
1020479699
1020609237
1021509859
1021511907
1021513955
1021516003
1021641445
1021645541
1021903593
1021904617
1021969386
1022034005
1030455403
1038746346
1054163157
1055195365
1055199461
1055457513
1055458537
1055523306
1072300266
1075814687
1075831071
1076867375
1077385527
1077644603
1077774141
1077838654
1078964559
1079346110
1079348411
1079357615
1079478714
1079490903
1079749979
1079878827
1079879517
1079944030
1080009130
1083158671
1083175055
1083685015
1083701399
1083944091
1083960475
1084073629
1084090013
1084138398
1084154782
1084733607
1084892893
1084897495
1084924255
1084990557
1084996779
1085126317
1085158101
1085191086
1085255765
1085512883
1085644469
1085709238
1085902521
1085935317
1085966679
1085968314
1086032981
1086097340
1086194366
1086227285
1086798023
1087061195
1087190733
1087255502
1087585491
1087704762
1087713966
1087717077
1087781846
1087834327
1087846570
1087975129
1088040922
1088169948
1088235178
1092591647
1092608031
1093644335
1094162487
1094421563
1094551101
1094615614
1094615870
1095741519
1096123070
1096255674
1096267863
1096526939
1096656477
1096720990
1096721246
1096786090
1100915358
1100931742
1101701215
1101968046
1102486198
1102743639
1102745274
1102874300
1103004245
1104032462
1104558806
1104817882
1104946908
1111328061
1111392574
1112900030
1113433437
1113497950
1117627549
1117643933
1117692318
1117708702
1118446813
1118680237
1118712021
1118745006
1119198389
1119263158
1119456441
1119489237
1119522234
1119651260
1119651772
1119748286
1119781205
1120744653
1120809422
1121258682
1121267886
1121270997
1121335766
1121529049
1121594842
1121723868
1121724380
1121789098
1128105021
1128169534
1128169790
1129676990
1130210397
1130274910
1130275166
1134469278
1134485662
1135521966
1136040118
1136299194
1136428220
1136428732
1136558165
1137586382
1138112726
1138371802
1138500828
1138501340
1144752443
1144881981
1146456251
1146857819
1146986667
1146987357
1151051931
1151068315
1151181469
1151197853
1152000733
1152098397
1152104619
1152234157
1152620723
1152752309
1153010361
1153011385
1153043157
1153076154
1153140821
1153205180
1154169035
1154298573
1154693331
1154812602
1154824917
1155082969
1155083993
1155148762
1155277788
1155343018
1161529403
1161658941
1163634779
1163764317
1169853114
1169982140
1171925722
1172054748
1178435901
1180541277
1184735389
1184751773
1185554653
1185788077
1186306229
1186564281
1186565305
1186597077
1186630074
1186759100
1186759612
1187852493
1188366522
1188378837
1188636889
1188637913
1188702682
1188831708
1188832220
1188896938
1195212861
1197318237
1203407034
1203536060
1203536572
1205479642
1205608668
1205609180
1211601207
1211860283
1213564091
1213694394
1213706583
1213965659
1217900695
1217917079
1218159771
1218176155
1218949287
1219113175
1219212459
1219728563
1219730611
1219860149
1219924918
1220118201
1220150997
1220182359
1220183994
1220248661
1221013703
1221276875
1221801171
1221803219
1221920442
1221932757
1221997526
1222050007
1222062250
1222190809
1222256602
1228378167
1228637243
1230471354
1230483543
1230742619
1236701878
1236959319
1236960954
1238774486
1239033562
1253414069
1253478838
1253672121
1253704917
1253737914
1255474362
1255486677
1255551446
1255744729
1255810522
1270255798
1270514874
1272328406
1272587482
1278968123
1280671931
1281073499
1285267611
1285283995
1286320299
1286836403
1286838451
1286967989
1287226041
1287227065
1287258837
1287291834
1287356501
1288384715
1288909011
1288911059
1289028282
1289040597
1289298649
1289299673
1289364442
1295745083
1297850459
1304068794
1306141402
1320521909
1320779961
1320780985
1320812757
1320845754
1322582202
1322594517
1322852569
1322853593
1322918362
1337622714
1339695322
1345298735
1345816887
1347395919
1347788975
1347922263
1351590031
1351606415
1352116375
1352132759
1353164967
1353169063
1353328855
1353428139
1353557677
1353589461
1353622446
1353687125
1353944243
1354075829
1354140598
1355229383
1355233479
1355492555
1355622093
1355686862
1356016851
1356145326
1356148437
1356213206
1356277930
1362075695
1362593847
1364172879
1364699223
1370399406
1370917558
1372463822
1372990166
1387111597
1387143381
1387176366
1387629749
1387694518
1389176013
1389240782
1389699246
1389702357
1389767126
1403953326
1404471478
1406017742
1406544086
1420535979
1420665517
1421052083
1421183669
1422600395
1422729933
1423124691
1423256277
1454219437
1454737589
1456283853
1456810197
1480032567
1482137943
1486332055
1486348439
1487380647
1487384743
1487544535
1487643819
1488159923
1488161971
1488291509
1488356278
1489445063
1489449159
1489708235
1490232531
1490234579
1490364117
1490428886
1490493610
1496809527
1498914903
1505133238
1507205846
1521845429
1521910198
1523918037
1523982806
1538687158
1540759766
1554751659
1555267763
1555269811
1555399349
1556816075
1557340371
1557342419
1557471957
1588953269
1591025877
1612677407
1612693791
1613730095
1615827279
1615835471
1616220335
1616353623
1616612699
1616741547
1616742237
1616806750
1616871850
1620021391
1620029583
1620037775
1620045967
1620547735
1620564119
1620806811
1620823195
1620936349
1620952733
1621001118
1621017502
1621596327
1621755613
1621760215
1621786975
1621853277
1621859499
1621989037
1622020821
1622053806
1622118485
1623660743
1623668935
1623923915
1623932107
1624053453
1624061645
1624118222
1624126414
1624448211
1624576686
1624579797
1624644566
1624709290
1624837849
1624903642
1625032668
1625097898
1629454367
1629470751
1630507055
1632604239
1632612431
1633130583
1633389659
1633519197
1633583710
1633583966
1633648810
1637778078
1637794462
1638563935
1638830766
1640895182
1640903374
1641421526
1641680602
1641809628
1650296157
1650360670
1654490269
1654506653
1654555038
1654571422
1655309533
1655542957
1655574741
1655607726
1657607373
1657615565
1657672142
1657680334
1658130606
1658133717
1658198486
1658391769
1658457562
1658586588
1658587100
1658651818
1667073117
1667137630
1667137886
1671331998
1671348382
1672384686
1674449102
1674457294
1674975446
1675234522
1675363548
1675364060
1683720539
1683849387
1683850077
1687914651
1687931035
1688044189
1688060573
1688863453
1688961117
1688967339
1689096877
1691031755
1691039947
1691161293
1691169485
1691556051
1691687637
1691945689
1691946713
1692011482
1692140508
1692205738
1700497499
1700627037
1708788442
1708917468
1717403997
1721598109
1721614493
1722417373
1722650797
1724715213
1724723405
1725241557
1725499609
1725500633
1725565402
1725694428
1725694940
1725759658
1734180957
1742342362
1742471388
1742471900
1750569303
1750828379
1754763415
1754779799
1755022491
1755038875
1755812007
1755975895
1756075179
1757876423
1757884615
1758139595
1758147787
1758663891
1758665939
1758795477
1758860246
1758924970
1759053529
1759119322
1767346263
1767605339
1775637206
1775896282
1792349397
1792414166
1792607449
1792673242
1809191126
1809450202
1817936219
1822130331
1822146715
1823183019
1825247435
1825255627
1825771731
1825773779
1825903317
1826161369
1826162393
1826227162
1834713179
1843004122
1859457237
1859715289
1859716313
1859781082
1876558042
1882161455
1884258639
1884266831
1884651695
1884784983
1888452751
1888460943
1888469135
1888477327
1888979095
1888995479
1890027687
1890031783
1890191575
1890290859
1890420397
1890452181
1890485166
1890549845
1892092103
1892096199
1892100295
1892104391
1892355275
1892363467
1892484813
1892493005
1892549582
1892557774
1892879571
1893008046
1893011157
1893075926
1893140650
1898938415
1901035599
1901043791
1901561943
1907262126
1909326542
1909334734
1909852886
1923974317
1924006101
1924039086
1926038733
1926046925
1926103502
1926111694
1926561966
1926565077
1926629846
1940816046
1942880462
1942888654
1943406806
1957398699
1957528237
1959463115
1959471307
1959592653
1959600845
1959987411
1960118997
1991082157
1993146573
1993154765
1993672917
2019000663
2023194775
2023211159
2024243367
2024247463
2024407255
2024506539
2026307783
2026311879
2026315975
2026320071
2026570955
2026579147
2027095251
2027097299
2027226837
2027291606
2027356330
2035777623
2044068566
2060780757
2060845526
2077622486
2091614379
2093678795
2093686987
2094203091
2094205139
2094334677
2127888597
2149540127
2149572895
2150592815
2150625583
2151110967
2151143735
2151370043
2151402811
2151499581
2151532349
2151564094
2151596862
2152689999
2153071550
2153073851
2153083055
2153204154
2153216343
2153475419
2153604267
2153604957
2153669470
2153734570
2154248551
2154511723
2154641261
2154705774
2155027827
2155156398
2155158699
2155159413
2155223926
2155289002
2155417465
2155483002
2155612028
2155676797
2155677610
2156884111
2157410455
2157669531
2157799069
2157863838
2158459047
2158626685
2158631287
2158649695
2158697589
2158715997
2158722219
2158851757
2158891893
2158916526
2158956719
2158981205
2159238323
2159369909
2159434678
2159627961
2159692119
2159693754
2159758421
2159822780
2159952725
2166317087
2166349855
2167369775
2167402543
2167887927
2167920695
2168147003
2168179771
2168276541
2168309309
2168341054
2168341310
2168373822
2168374078
2169466959
2169848510
2169981114
2169993303
2170252379
2170381917
2170446430
2170446686
2170511530
2171025511
2171288683
2171418221
2171482734
2171482990
2171804787
2171933358
2171936373
2172000886
2172001142
2172065962
2172194425
2172259962
2172260218
2172388988
2172389244
2172454570
2174640798
2175403645
2175408247
2175426655
2175668853
2175693486
2176211638
2176469079
2176470714
2176599740
2176729685
2185053501
2185086269
2185118014
2185150782
2186625470
2187158877
2187223390
2188195181
2188259694
2188710318
2188713333
2188777846
2188971385
2189036922
2189165948
2189166460
2189231530
2191352989
2191417758
2192180605
2192405677
2192445813
2192470446
2192923829
2192988598
2193181881
2193247674
2193376700
2193377212
2193506645
2201830461
2201863229
2201894974
2201895230
2201927742
2201927998
2203402430
2203935837
2204000350
2204000606
2204972141
2205036654
2205036910
2205487278
2205490293
2205554806
2205555062
2205748345
2205813882
2205814138
2205942908
2205943164
2205943420
2205943676
2206008490
2208194718
2208957565
2209222773
2209247406
2209765558
2210024634
2210153660
2210154172
2210283605
2218477883
2218510651
2218607421
2218640189
2220181691
2220583259
2220712107
2220712797
2221619563
2221749101
2222135667
2222266539
2222267253
2222525305
2222526329
2222590842
2222719868
2222784637
2222785450
2224777371
2224906909
2225734525
2225805429
2225823837
2225830059
2225959597
2226346163
2226477749
2226735801
2226736825
2226801594
2226866261
2226930620
2235254843
2235287611
2235384381
2235417149
2237360219
2237489757
2238396523
2238526061
2238912627
2239044213
2239302265
2239303289
2239367802
2239368058
2239496828
2239497084
2239562410
2242511485
2243578554
2243707580
2252161341
2252194109
2254266717
2255303021
2255821173
2256079225
2256080249
2256144762
2256273788
2256274300
2256339370
2258460829
2259288445
2259513517
2260031669
2260289721
2260290745
2260355514
2260484540
2260485052
2268938301
2268971069
2271043677
2272079981
2272598133
2272856185
2272857209
2272921722
2272921978
2273050748
2273051004
2273051260
2273051516
2273116330
2276065405
2277132474
2277261500
2277262012
2285326647
2285359415
2285585723
2285618491
2287289531
2287419834
2287432023
2287691099
2288464231
2288727403
2289243507
2289245555
2289374379
2289375093
2289439606
2289504682
2289633145
2289698682
2291626135
2291885211
2292674727
2292846967
2292913269
2292937899
2293454003
2293456051
2293585589
2293650358
2293843641
2293907799
2293909434
2293974101
2302103607
2302136375
2302362683
2302395451
2304196794
2304208983
2304468059
2305241191
2305504363
2306020467
2306022515
2306152053
2306216566
2306216822
2306281642
2306410105
2306475642
2306475898
2309623927
2310427318
2310684759
2310686394
2322929013
2322993526
2323187065
2323252602
2327139509
2327204278
2327397561
2327463354
2339705973
2339770486
2339770742
2339964025
2340029562
2340029818
2343981238
2344240314
2352693563
2352726331
2354397371
2354798939
2355835243
2356351347
2356353395
2356482219
2356482933
2356740985
2356742009
2356806522
2358993051
2360021109
2360045739
2360561843
2360563891
2360693429
2360951481
2360952505
2361017274
2361081941
2369470523
2369503291
2371575899
2372612203
2373128307
2373130355
2373259893
2373517945
2373518969
2373583482
2373583738
2377794234
2390036853
2390294905
2390295929
2390360442
2394247349
2394505401
2394506425
2394571194
2406813813
2407071865
2407072889
2407137402
2407137658
2411348154
2419024175
2419056943
2419542327
2419575095
2421121359
2421514415
2421647703
2422679911
2422684007
2422943083
2423072621
2423137134
2423459187
2423587758
2423590059
2423590773
2423655286
2423720362
2425315471
2425841815
2426890407
2426894503
2427062647
2427128949
2427153579
2427283117
2427323253
2427347886
2427388079
2427412565
2427669683
2427801269
2427866038
2435801135
2435833903
2436319287
2436352055
2437898319
2438424663
2439456871
2439460967
2439720043
2439849581
2439914094
2439914350
2440236147
2440364718
2440367733
2440432246
2440432502
2440497322
2443839607
2444100213
2444124846
2444642998
2456626541
2456691054
2457141678
2457144693
2457209206
2460837037
2460877173
2460901806
2461355189
2461419958
2473403501
2473468014
2473468270
2473918638
2473921653
2473986166
2473986422
2477654133
2477678766
2478196918
2490050923
2490180461
2490567027
2490697899
2490698613
2494236789
2494261419
2494390957
2494777523
2494909109
2506827883
2506957421
2507343987
2507475573
2523734381
2524252533
2527944877
2528463029
2540511341
2541029493
2553758007
2553790775
2555863383
2556895591
2556899687
2557158763
2557674867
2557676915
2557805739
2557806453
2557870966
2557936042
2560057495
2561106087
2561110183
2561278327
2561344629
2561369259
2561885363
2561887411
2562016949
2562081718
2570534967
2570567735
2572640343
2573672551
2573676647
2573935723
2574451827
2574453875
2574583413
2574647926
2574648182
2574713002
2578055287
2578858678
2591360373
2591424886
2595570869
2595635638
2608137333
2608201846
2608202102
2612412598
2624266603
2624782707
2624784755
2624913579
2624914293
2628452469
2628477099
2628993203
2628995251
2629124789
2641043563
2641559667
2641561715
2641691253
2658468213
2662678709
2675245173
2686402847
2686435615
2687455535
2687488303
2689552719
2689560911
2689945775
2690079063
2690338139
2690466987
2690467677
2690532190
2690597290
2691111271
2691374443
2691503981
2691568494
2693746831
2693755023
2694273175
2694532251
2694661789
2694726558
2695321767
2695512415
2695578717
2695584939
2695714477
2695779246
2695843925
2703179807
2703212575
2704232495
2704265263
2706329679
2706337871
2706856023
2707115099
2707244637
2707309150
2707309406
2707374250
2707888231
2708151403
2708280941
2708345454
2708345710
2711503518
2712289375
2712556206
2724021597
2724086110
2725057901
2725122414
2728215709
2728280478
2729268397
2729333166
2740798557
2740863070
2740863326
2741834861
2741899374
2741899630
2745057438
2746110126
2757445979
2757574827
2757575517
2758482283
2758611821
2761640091
2761769629
2762686557
2762692779
2762822317
2774222939
2774352477
2775259243
2775388781
2791129437
2792165741
2795323549
2796376237
2807906397
2808942701
2824294743
2824553819
2825326951
2825590123
2828488855
2828747931
2829537447
2829800619
2841071703
2841330779
2842103911
2842367083
2891661659
2892697963
2895855771
2896908459
2908438619
2909474923
2955886895
2955919663
2957984079
2957992271
2958377135
2958510423
2959542631
2959546727
2959805803
2959935341
2959999854
2962178191
2962186383
2962704535
2963753127
2963757223
2964016299
2964145837
2964210606
2964275285
2972663855
2972696623
2974761039
2974769231
2975287383
2976319591
2976323687
2976582763
2976712301
2976776814
2976777070
2980987566
2993489261
2993553774
2997699757
2997764526
3010266221
3010330734
3010330990
3014541486
3026913643
3027043181
3031124139
3031253677
3043690603
3043820141
3060597101
3064807597
3077374061
3092726103
3093758311
3093762407
3094021483
3096920215
3097968807
3097972903
3098231979
3109503063
3110535271
3110539367
3110798443
3161129323
3165339819
3177906283
3223265567
3223281951
3223298335
3223314719
3224318255
3224351023
3224836407
3224869175
3225095483
3225128251
3225225021
3225257789
3225289534
3225322302
3226415439
3226796990
3226799291
3226808495
3226929594
3226941783
3227200859
3227329707
3227330397
3227394910
3227460010
3230609551
3230625935
3231135895
3231152279
3231394971
3231411355
3231524509
3231540893
3231589278
3231605662
3232184487
3232375135
3232441437
3232447659
3232577197
3232641966
3232706645
3232963763
3233095349
3233160118
3233353401
3233417559
3233419194
3233483861
3233548220
3233678165
3240042527
3240058911
3240075295
3240091679
3241095215
3241127983
3241613367
3241646135
3241872443
3241905211
3242001981
3242034749
3242066494
3242066750
3242099262
3242099518
3243192399
3243573950
3243706554
3243718743
3243977819
3244107357
3244171870
3244172126
3244236970
3248366238
3248382622
3249152095
3249418926
3249937078
3250194519
3250196154
3250325180
3250455125
3258778941
3258811709
3258843454
3258876222
3260350910
3260884317
3260948830
3265078429
3265094813
3265143198
3265159582
3266131117
3266195886
3266649269
3266714038
3266907321
3266973114
3267102140
3267102652
3267232085
3275555901
3275588669
3275620414
3275620670
3275653182
3275653438
3277127870
3277661277
3277725790
3277726046
3281920158
3281936542
3282972846
3283490998
3283750074
3283879100
3283879612
3284009045
3292203323
3292236091
3292332861
3292365629
3293907131
3294308699
3294437547
3294438237
3298502811
3298519195
3298632349
3298648733
3299549277
3299555499
3299685037
3300071603
3300203189
3300461241
3300462265
3300527034
3300591701
3300656060
3308980283
3309013051
3309109821
3309142589
3311085659
3311215197
3317303994
3317433020
3325886781
3325919549
3327992157
3332186269
3332202653
3333238957
3333757109
3334015161
3334016185
3334080954
3334209980
3334210492
3342663741
3342696509
3344769117
3350857914
3350986940
3350987452
3359052087
3359084855
3359311163
3359343931
3361014971
3361145274
3361157463
3361416539
3365351575
3365367959
3365610651
3365627035
3366400167
3366663339
3367179443
3367181491
3367311029
3367375798
3367569081
3367633239
3367634874
3367699541
3375829047
3375861815
3376088123
3376120891
3377922234
3377934423
3378193499
3384152758
3384410199
3384411834
3400864949
3400929718
3401123001
3401188794
3417706678
3417965754
3426419003
3426451771
3428122811
3428524379
3432718491
3432734875
3433771179
3434287283
3434289331
3434418869
3434676921
3434677945
3434742714
3434807381
3443195963
3443228731
3445301339
3451519674
3467972789
3468230841
3468231865
3468296634
3485073594
3492749615
3492782383
3493267767
3493300535
3494846799
3495239855
3495373143
3499040911
3499057295
3499567255
3499583639
3500615847
3500619943
3500879019
3501008557
3501073326
3501138005
3501395123
3501526709
3501591478
3509526575
3509559343
3510044727
3510077495
3511623759
3512150103
3517850286
3518368438
3534562477
3534627246
3535080629
3535145398
3551404206
3551922358
3567986859
3568116397
3568502963
3568634549
3601670317
3602188469
3627483447
3627516215
3629588823
3633782935
3633799319
3634831527
3634835623
3635094699
3635610803
3635612851
3635742389
3635807158
3644260407
3644293175
3646365783
3652584118
3669296309
3669361078
3686138038
3702202539
3702718643
3702720691
3702850229
3736404149
3760128287
3760144671
3760161055
3760177439
3761180975
3761213743
3763278159
3763286351
3763671215
3763804503
3764063579
3764192427
3764193117
3764257630
3764322730
3767472271
3767480463
3767488655
3767496847
3767998615
3768014999
3768257691
3768274075
3768387229
3768403613
3768451998
3768468382
3769047207
3769237855
3769304157
3769310379
3769439917
3769504686
3769569365
3776905247
3776921631
3776938015
3776954399
3777957935
3777990703
3780055119
3780063311
3780581463
3780840539
3780970077
3781034590
3781034846
3781099690
3785228958
3785245342
3786014815
3786281646
3797747037
3797811550
3801941149
3801957533
3802005918
3802022302
3802993837
3803058606
3814523997
3814588510
3814588766
3818782878
3818799262
3819835566
3831171419
3831300267
3831300957
3835365531
3835381915
3835495069
3835511453
3836411997
3836418219
3836547757
3847948379
3848077917
3864854877
3869048989
3869065373
3870101677
3881631837
3898020183
3898279259
3902214295
3902230679
3902473371
3902489755
3903262887
3903526059
3914797143
3915056219
3965387099
3969581211
3969597595
3970633899
3982164059
4029612335
4029645103
4031709519
4031717711
4032102575
4032235863
4035903631
4035911823
4035920015
4035928207
4036429975
4036446359
4037478567
4037482663
4037741739
4037871277
4037936046
4038000725
4046389295
4046422063
4048486479
4048494671
4049012823
4054713006
4071425197
4071489966
4088266926
4104849579
4104979117
4138533037
4166451543
4170645655
4170662039
4171694247
4171698343
4171957419
4183228503
4239065259
