4178239
5586922
5623738
5632942
5635243
5765546
6154154
6283615
7319919
7708586
7838071
8097147
8226685
8291198
10477727
11173589
11181941
11200349
11204951
11271253
11465557
11530415
12048567
12242773
12307643
12437181
12501950
13594831
13991594
14121175
14380251
14509789
14574558
15153383
15351637
15416555
15546093
15610862
15932659
16064245
16129014
16322297
16388090
16517116
16711935
20955199
22363882
22400698
22409902
22542506
22931114
23060575
24096879
24485546
24615031
24874107
25003645
25068158
25068414
27958901
27977309
27981911
28242517
29019733
29278910
31351518
32128597
32387822
32905974
33165050
33294076
39140842
39177658
39186862
39708074
41262506
41780605
41845118
44727509
44735861
44754269
45019477
45796693
45991101
46055870
47545514
48063709
48128478
48905557
49100013
49164782
49618165
49682934
49876217
49942010
50071036
50071548
55917802
55954618
55963822
56485034
58039466
58557565
58622078
58622334
61512821
61531229
61796437
62573653
62832830
64905438
65682517
65941742
66459894
66718970
66847996
66848508
72694762
72731578
72743083
73261994
74816426
75204987
75334525
78281429
78289781
78308189
78379093
79350613
79415483
79545021
81099434
81488091
81617629
82459477
82524395
82653933
83040499
83172085
83430137
83431161
83495930
83624956
89471722
89508538
90038954
91593386
91981947
92111485
95066741
95085149
96127573
99236437
100272890
100401916
106248682
106285498
106815914
108370346
108888445
111835349
111843701
111862109
112904533
113098941
114653354
115171549
116013397
116207853
116726005
116984057
116985081
117049850
117178876
117179388
123025642
123062458
123592874
125147306
125665405
128620661
128639069
129681493
132790357
133826810
133955836
133956348
139802602
139839418
139850923
139981226
141924266
142053751
142312827
145389269
145397621
145420631
145486933
146264247
146458453
146523323
148207274
148336855
148595931
149369063
149567317
149632235
150148339
150150387
150279925
150344694
150537977
150603770
156579562
156616378
156758186
158701226
158830711
159089787
162174581
162197591
163235413
166344277
167121654
167380730
173356522
173393338
175478186
178943189
178951541
180012373
181761194
183121237
183833845
183898614
184091897
184157690
190133482
190170298
192255146
195728501
196789333
199898197
200675574
200934650
206910442
206947258
206958763
209032106
209420667
212497109
212505461
212594773
213566293
213631163
215315114
215703771
216675157
216740075
217256179
217258227
217387765
217645817
217646841
217711610
223687402
223724218
225809066
226197627
229282421
230343253
233452117
234488570
240464362
240501178
242586026
246051029
246059381
247120213
248869034
250229077
250941685
251199737
251200761
251265530
257241322
257278138
259362986
262836341
263897173
267006037
268042490
274018282
274064302
274066603
274196906
275751279
276139946
276269431
279604949
279613301
279636311
279702613
279896917
279961775
280479927
282026191
282422954
282552535
283584743
283588839
283782997
283847915
283977453
284042222
284364019
284495605
284560374
290795242
290841262
290973866
292528239
292916906
293046391
296390261
296413271
296673877
300559957
300819182
301337334
307572202
307618222
309693866
313158869
313167221
313450837
315976874
317336917
317531373
317596142
318049525
318114294
324349162
324395182
326470826
329944181
330227797
334113877
334373102
334891254
341126122
341174443
343247786
346712789
346721141
346810453
349530794
350890837
350955755
351085293
351471859
351603445
357903082
360024746
363498101
367667797
374680042
376801706
380266709
380275061
383084714
384444757
384639213
385157365
391457002
393578666
397052021
401221717
408233962
408282283
408412586
410355626
410485111
413820629
413828981
413851991
413918293
414695607
416638634
416768215
417800423
417804519
417998677
418063595
418579699
418581747
418711285
418776054
425010922
425189546
427132586
427262071
430605941
430628951
434775637
435553014
441787882
443909546
447374549
447382901
450192554
451552597
452265205
452329974
458564842
460686506
464159861
468329557
469106934
475341802
475390123
477463466
480928469
480936821
481026133
483746474
485106517
485171435
485687539
485689587
485819125
492118762
494240426
497713781
501883477
508895722
511017386
514482389
514490741
517300394
518660437
519373045
525672682
527794346
531267701
535437397
542449642
542495662
542497963
542628266
543016874
543146335
544182639
547340447
548036309
548063069
548067671
548133973
548328277
548393135
550457551
550465743
550854314
550983895
551242971
551372509
551437278
552016103
552214357
552279275
552408813
552473582
559226602
559272622
559405226
559793834
559923295
560959599
564840029
564844631
565105237
568214238
568991317
569250542
576003562
576049582
576570794
581590229
581616989
581882197
584408234
584926429
584991198
585768277
585962733
586027502
592780522
592826542
593347754
598393949
598659157
601768158
602545237
602804462
609557482
609605803
610124714
615144149
615170909
615241813
617962154
618350811
618480349
619322197
619387115
619516653
626334442
626901674
631947869
636099157
643111402
643678634
648698069
648724829
651516074
652034269
652876117
653070573
659888362
660455594
665501789
669653077
676665322
676713643
676843946
682251989
682283351
682349653
685069994
685199575
685458651
686231783
686430037
686494955
693442282
693620906
699060311
703206997
710219242
715805909
718623914
719983957
726996202
736760917
743773162
743821483
749359829
749457493
752177834
752566491
753537877
753602795
760550122
770314837
777327082
782913749
785731754
787091797
794104042
803868757
810881002
810927022
810929323
811059626
812613999
816467669
816499031
816565333
816759637
816824495
818888911
818897103
819285674
819415255
820447463
820451559
820645717
820710635
820840173
820904942
827657962
827703982
827836586
829390959
833275991
833536597
837422677
837681902
844434922
844480942
850021589
850313557
852839594
854199637
854394093
854458862
861211882
861257902
867090517
870976597
871235822
877988842
878037163
883575509
883673173
886393514
887753557
887818475
887948013
894765802
904530517
911542762
917129429
919947434
921307477
921501933
928319722
938084437
945096682
945145003
945275306
950683349
950714711
950781013
953501354
953630935
954663143
954667239
954861397
954926315
961873642
962052266
967491671
971638357
978650602
984237269
987055274
988415317
995427562
1005192277
1012204522
1012252843
1017791189
1017888853
1020609194
1021969237
1022034155
1028981482
1038746197
1045758442
1051345109
1054163114
1055523157
1062535402
1072300117
1077903679
1079349178
1079358382
1079360683
1079490986
1079879594
1080009055
1084203167
1084219551
1084899029
1084925789
1084930391
1084996693
1085190997
1085255855
1085774007
1085968213
1086033083
1086162621
1086227390
1087320271
1087717034
1087846615
1088105691
1088235229
1088299998
1094680639
1096126138
1096135342
1096267946
1096656554
1096786015
1101702749
1101707351
1101967957
1102745173
1103004350
1105076958
1112903098
1112912302
1113433514
1118452949
1118479709
1118744917
1119522133
1119716541
1119781310
1121270954
1121789149
1121853918
1129680058
1129689262
1130210474
1135256669
1135521877
1136299093
1136558270
1138630878
1146457018
1146468523
1146987434
1152006869
1152033629
1152104533
1153076053
1153140923
1153270461
1154824874
1155213531
1155343069
1163233978
1163764394
1168810589
1169853013
1180010938
1180541354
1185560789
1185587549
1186629973
1186824381
1188378794
1188896989
1196787898
1197318314
1202364509
1203406933
1213564858
1213576363
1213706666
1219114709
1219146071
1219212373
1219989687
1220183893
1220248763
1221932714
1222062295
1222321371
1230341818
1230483626
1235923031
1236960853
1247118778
1252668629
1253737813
1255486634
1263895738
1270514773
1280672698
1280684203
1286222549
1286320213
1287291733
1287356603
1289040554
1289429211
1297449658
1304068693
1314226618
1319776469
1320845653
1322594474
1331003578
1337622613
1347789742
1347792043
1347922346
1353330389
1353361751
1353428053
1353622357
1353687215
1354205367
1355751631
1356148394
1356277975
1364566702
1364699306
1370138711
1370399317
1381343662
1386884309
1387176277
1389702314
1398120622
1403953237
1414899883
1420438229
1420535893
1423256234
1453992149
1456810154
1482007723
1482138026
1487546069
1487577431
1487643733
1488421047
1490364074
1490493655
1498914986
1504354391
1521099989
1523917994
1549115563
1554653909
1554751573
1557471914
1588207829
1591025834
1616221102
1616223403
1616353706
1616742314
1616871775
1621065887
1621082271
1621761749
1621788509
1621793111
1621859413
1622053717
1622118575
1624182991
1624191183
1624579754
1624709335
1624968411
1625097949
1625162718
1632998062
1633130666
1633519274
1633648735
1638565469
1638570071
1638830677
1641939678
1649775022
1650296234
1655315669
1655342429
1655607637
1658133674
1658651869
1658716638
1666551982
1667073194
1672119389
1672384597
1675493598
1683331243
1683850154
1688869589
1688896349
1688967253
1691687594
1692076251
1692205789
1700627114
1705673309
1717404074
1722423509
1722450269
1725241514
1725759709
1734181034
1739227229
1750439083
1750569386
1755977429
1756008791
1756075093
1758795434
1758925015
1759184091
1767346346
1772785751
1789531349
1792349354
1817546923
1823085269
1823182933
1825903274
1826291931
1856639189
1859457194
1884652462
1884654763
1884785066
1890193109
1890224471
1890290773
1890485077
1890549935
1892614351
1892622543
1893011114
1893140695
1901429422
1901562026
1907001431
1907262037
1918206382
1923747029
1924038997
1926565034
1934983342
1940815957
1951762603
1957300949
1957398613
1960118954
1990854869
1993672874
2018870443
2019000746
2024408789
2024440151
2024506453
2027226794
2027356375
2035777706
2041217111
2057962709
2060780714
2085978283
2091516629
2091614293
2094334634
2125070549
2127888554
2151629119
2151661887
2153074618
2153083822
2153086123
2153216426
2153605034
2153734495
2154770799
2155159466
2155288951
2155548027
2155677565
2155742078
2157928607
2158632821
2158651229
2158655831
2158722133
2158916437
2158981295
2159499447
2159693653
2159758523
2159888061
2159952830
2168406079
2168438847
2169851578
2169860782
2169993386
2170381994
2170511455
2171547759
2171936426
2172065911
2172324987
2172454525
2172519038
2172519294
2175409781
2175428189
2175432791
2175693397
2176470613
2176729790
2186628538
2186637742
2187158954
2188713386
2189231485
2189295998
2192186741
2192205149
2192470357
2193247573
2193441981
2193506750
2203405498
2203414702
2203935914
2205490346
2206008445
2206072958
2206073214
2208963701
2208982109
2209247317
2210024533
2210283710
2220182458
2220193963
2220712874
2222267306
2222655867
2222785405
2225740661
2225759069
2225829973
2226801493
2226866363
2226995901
2236959418
2237489834
2239044266
2239432827
2239562365
2242517621
2242536029
2243578453
2253736378
2254266794
2255821226
2256339325
2259294581
2259312989
2260355413
2260549821
2270513338
2271043754
2272598186
2273116285
2276071541
2276089949
2277132373
2287290298
2287301803
2287432106
2289375146
2289504631
2289763707
2292848501
2292871511
2292937813
2293715127
2293909333
2293974203
2304067258
2304209066
2306152106
2306281591
2306540667
2309625461
2309648471
2310686293
2320844218
2322929066
2326402421
2327463253
2337621178
2339706026
2343179381
2344240213
2354398138
2354409643
2356482986
2356871547
2359956341
2360045653
2361017173
2361082043
2371175098
2373259946
2373648507
2376733301
2377794133
2387952058
2390036906
2393510261
2394571093
2404729018
2406813866
2410287221
2411348053
2421515182
2421517483
2421647786
2423202159
2423590826
2423720311
2427064181
2427087191
2427153493
2427347797
2427412655
2427930807
2438292142
2438424746
2439979119
2440367786
2440497271
2443841141
2443864151
2444124757
2455069102
2457144746
2460618101
2460901717
2471846062
2473921706
2477395061
2477678677
2488625323
2490698666
2494172021
2494261333
2507475626
2510948981
2524252586
2527725941
2541029546
2544502901
2555733163
2555863466
2557806506
2557935991
2561279861
2561302871
2561369173
2562146487
2572640426
2574583466
2574712951
2578056821
2578079831
2591360426
2594833781
2608137386
2611610741
2622841003
2624914346
2628387701
2628477013
2641691306
2645164661
2658468266
2661941621
2675245226
2678718581
2689946542
2689948843
2690079146
2690467754
2690597215
2691633519
2694791327
2695513949
2695518551
2695584853
2695779157
2695844015
2706723502
2706856106
2707244714
2707374175
2708410479
2712290909
2712295511
2712556117
2723500462
2724021674
2729067869
2729333077
2740277422
2740798634
2745844829
2746110037
2757056683
2757575594
2762621789
2762692693
2774352554
2779398749
2791129514
2796175709
2807906474
2812952669
2824164523
2824294826
2829734231
2829800533
2841071786
2846511191
2891272363
2896908373
2958377902
2958380203
2958510506
2960064879
2963949911
2964016213
2964210517
2964275375
2975154862
2975287466
2976841839
2980726871
2980987477
2991931822
2997764437
3008708782
3014541397
3025488043
3031124053
3092595883
3092726186
3098165591
3098231893
3109503146
3114942551
3159703723
3165339733
3225354559
3225387327
3226800058
3226809262
3226811563
3226941866
3227330474
3227459935
3231654047
3231670431
3232376669
3232381271
3232447573
3232641877
3232706735
3233224887
3233419093
3233483963
3233613501
3233678270
3242131519
3242164287
3243577018
3243586222
3243718826
3244107434
3244236895
3249153629
3249158231
3249418837
3250196053
3250455230
3260353978
3260363182
3260884394
3265930589
3266195797
3266973013
3267167421
3267232190
3277130938
3277140142
3277661354
3282707549
3282972757
3283749973
3284009150
3293907898
3293919403
3294438314
3299484509
3299555413
3300526933
3300591803
3300721341
3310684858
3311215274
3316261469
3317303893
3327461818
3327992234
3333038429
3334080853
3334275261
3344238778
3344769194
3349815389
3350857813
3361015738
3361027243
3361157546
3366596951
3366663253
3367440567
3367634773
3367699643
3377792698
3377934506
3383373911
3384411733
3394569658
3401188693
3411346618
3417965653
3428123578
3428135083
3433771093
3434742613
3434807483
3444900538
3451519573
3461677498
3468296533
3478454458
3485073493
3495240622
3495242923
3495373226
3500812631
3500878933
3501073237
3501138095
3501656247
3512017582
3512150186
3517589591
3517850197
3528794542
3534627157
3545571502
3551404117
3562350763
3567986773
3629458603
3629588906
3635028311
3635094613
3635871927
3646365866
3651805271
3696566443
3702202453
3763671982
3763674283
3763804586
3764193194
3764322655
3768516767
3768533151
3769239389
3769243991
3769310293
3769504597
3769569455
3780448942
3780581546
3780970154
3781099615
3786016349
3786020951
3786281557
3797225902
3797747114
3802793309
3803058517
3814002862
3814524074
3819570269
3819835477
3830782123
3831301034
3836347229
3836418133
3848077994
3853124189
3864854954
3869901149
3881631914
3886678109
3897889963
3898020266
3903459671
3903525973
3914797226
3920236631
3964997803
3970633813
4032103342
4032105643
4032235946
4037675351
4037741653
4037935957
4038000815
4048880302
4049012906
4054452311
4054712917
4065657262
4071489877
4082434222
4088266837
4099213483
4104849493
4166321323
4166451626
4171891031
4171957333
4183228586
4188667991
4233429163
4239065173
