15728880
15729089
15729298
15729716
15729925
15729930
15730792
15731205
15731210
29372609
29373445
29373450
29425904
29426113
29426322
29426740
29426949
29426954
29427816
29428229
29428234
43016338
43018245
43018250
43122928
43123137
43123346
43123764
43123973
43123978
43124840
43125253
43125258
70303796
70304005
70304010
70516976
70517185
70517394
70517812
70518021
70518026
70518888
70519301
70519306
83947525
83947530
84000820
84001029
84001034
84054120
84054533
84054538
84160705
84161541
84161546
84214000
84214209
84214418
84214836
84215045
84215050
84215912
84216325
84216330
84435090
84436997
84437002
84541680
84541889
84542098
84542516
84542725
84542730
84543592
84544005
84544010
140546152
140546565
140546570
141033712
141033921
141034130
141034548
141034757
141034762
141035624
141036037
141036042
167833605
167833610
167886900
167887109
167887114
167940200
167940613
167940618
168046785
168047621
168047626
168100080
168100289
168100498
168100916
168101125
168101130
168101992
168102405
168102410
168321170
168323077
168323082
168427760
168427969
168428178
168428596
168428805
168428810
168429672
168430085
168430090
283119840
283120258
283120676
310407298
310460802
310462500
310513888
310514306
310514724
337694756
337907936
337908354
337908772
338182530
338184228
550510800
550511636
550512712
605085716
605192520
605192724
605298896
605299732
605300808
675328072
675381576
675381780
675815632
675816468
675817544
817901760
817902596
817955264
817956100
817957380
872476676
872530180
872583684
872689856
872690692
872743360
872744196
872745476
872966148
873071040
873071876
873073156
1085292720
1085292929
1085294632
1098936449
1098989744
1098989953
1098991656
1099043457
1099043880
1210109992
1210323585
1210324008
1210597552
1210597761
1210599464
1352683680
1620074640
1620076552
1620181648
1620182280
1620183560
1744891912
1744945416
1744998920
1745105928
1745158800
1745159432
1745160712
1745379472
1745381384
1745486480
1745487112
1745488392
1887465600
1887519104
1887572608
2154856560
2154856769
2154856978
2168500289
2168553584
2168553793
2168554002
2168988690
2168989761
2182144018
2182250608
2182250817
2182251026
2182358034
2182359105
2422247520
2422247938
2422736130
2422736992
2422737410
2449534978
2449588482
2449641568
2449641986
2449748994
2449802498
2449803360
2449803778
2450024450
2450130178
2450131040
2450131458
2689638480
2957029440
2957082944
2957518912
3224420400
3224420609
3224634416
3224634625
3224635905
3238064129
3238117424
3238117633
3238171137
3238278145
3238331440
3238331649
3238332929
3238553601
3238659120
3238659329
3238660609
3491811360
3492025376
3492300832
3759202320
3759309328
3759416336
4026593280
4026646784
4026700288
4026807296
4026860800
4026862080
4027082752
4027188480
4027189760
