15729137
15729394
15729908
15729935
15729973
15730117
15730936
15731215
15731306
15731354
15732485
15732490
29373455
29373637
29426161
29426418
29426932
29426959
29426997
29427141
29427960
29428239
29428330
29428378
29429509
29429514
29438401
29439237
29439242
32571632
32571841
32572050
32572468
32572677
32572682
32573544
32573957
32573962
43018255
43018394
43123185
43123442
43123956
43123983
43124021
43124165
43124984
43125263
43125354
43125402
43126533
43126538
43147922
43149829
43149834
49414384
49414593
49414802
49415220
49415429
49415434
49416296
49416709
49416714
70304015
70304053
70517233
70517490
70518004
70518031
70518069
70518213
70519032
70519311
70519402
70519450
70520581
70520586
70566964
70567173
70567178
83099888
83100097
83100306
83100724
83100933
83100938
83101800
83102213
83102218
83947535
84001039
84001077
84013317
84013322
84054543
84054634
84079109
84079114
84161551
84161733
84210693
84210698
84214257
84214514
84215028
84215055
84215093
84215237
84216056
84216335
84216426
84216474
84217605
84217610
84226497
84227333
84227338
84263988
84264197
84264202
84437007
84437146
84473861
84473866
84541937
84542194
84542708
84542735
84542773
84542917
84543736
84544015
84544106
84544154
84545285
84545290
84566674
84568581
84568586
84580456
84580869
84580874
84869360
84869569
84869778
84870196
84870405
84870410
84871272
84871685
84871690
87146548
87146757
87146762
87359728
87359937
87360146
87360564
87360773
87360778
87361640
87362053
87362058
96743617
96744453
96744458
96796912
96797121
96797330
96797748
96797957
96797962
96798824
96799237
96799242
140546575
140546666
141033969
141034226
141034740
141034767
141034805
141034949
141035768
141036047
141036138
141036186
141037317
141037322
141072488
141072901
141072906
150470896
150471105
150471314
150471732
150471941
150471946
150472808
150473221
150473226
167833615
167887119
167887157
167899397
167899402
167940623
167940714
167965189
167965194
168047631
168047813
168096773
168096778
168100337
168100594
168101108
168101135
168101173
168101317
168102136
168102415
168102506
168102554
168103685
168103690
168112577
168113413
168113418
168150068
168150277
168150282
168323087
168323226
168359941
168359946
168428017
168428274
168428788
168428815
168428853
168428997
168429816
168430095
168430186
168430234
168431365
168431370
168452754
168454661
168454666
168466536
168466949
168466954
168755440
168755649
168755858
168756276
168756485
168756490
168757352
168757765
168757770
174231656
174232069
174232074
174719216
174719425
174719634
174720052
174720261
174720266
174721128
174721541
174721546
177758354
177760261
177760266
177864944
177865153
177865362
177865780
177865989
177865994
177866856
177867269
177867274
251719685
251719690
251772980
251773189
251773194
251826280
251826693
251826698
251932865
251933701
251933706
251986160
251986369
251986578
251986996
251987205
251987210
251988072
251988485
251988490
252207250
252209157
252209162
252313840
252314049
252314258
252314676
252314885
252314890
252315752
252316165
252316170
283120354
283120868
284168432
284168850
284169268
310473090
310514402
310514916
310538882
311455890
311562480
311562898
311563316
316805344
316805762
316806180
337908450
337908964
337957924
338221092
338743348
338956528
338956946
338957364
350490848
350491266
350491684
550511828
550512856
552607984
552608820
552609896
605217300
605299924
605300952
605348884
607182900
607396080
607396916
607397992
617881808
617882644
617883720
675393864
675816660
675817688
675854408
677425256
677912816
677913652
677914728
685252816
685253652
685254728
817902788
817956292
817958660
817967552
817968388
818950352
818951188
819998944
819999780
834678977
834679813
834732481
834733317
834734597
872542468
872608260
872690884
872739844
872744388
872746756
872755648
872756484
872793348
873003012
873072068
873074436
873097732
873110020
873398720
873399556
873400836
873525268
873632276
873738448
873739284
874573860
874787040
874787876
875063332
885272768
885273604
885326272
885327108
885328388
889253893
889307397
889360901
889467073
889467909
889520577
889521413
889522693
889743365
889848257
889849093
889850373
1085292977
1085294776
1089487088
1089487297
1089489000
1098990001
1098991800
1099002241
1099068033
1102135472
1102135681
1102137384
1103130817
1103184112
1103184321
1103186024
1210373160
1210597809
1210599608
1210636328
1214304360
1214791920
1214792129
1214793832
1220034736
1220034945
1220036648
1353732272
1356878048
1620076696
1620183704
1620184840
1620206224
1620208136
1622171824
1622173736
1624269008
1624270920
1653629074
1653630986
1653736082
1653736714
1653737994
1744957704
1745023496
1745155080
1745160856
1745161992
1745171720
1745208584
1745381528
1745418248
1745488536
1745489672
1745511056
1745512968
1745525256
1745814160
1745814792
1745816072
1746989096
1747203112
1747476656
1747478568
1749086280
1749139784
1749573840
1749575752
1754816656
1754818568
1754923664
1754924296
1754925576
1778446346
1778499850
1778553354
1778660362
1778713234
1778713866
1778715146
1778933906
1778935818
1779040914
1779041546
1779042826
1887531392
1887597184
1888514192
1888621200
1889562784
1891659968
1891713472
1904242817
1904296321
1904349825
1921020034
1921073538
1921127042
2154856817
2154857074
2163245296
2163245505
2163245714
2168553841
2168554098
2168566081
2169026625
2171699312
2171699521
2171699730
2176889025
2176942320
2176942529
2176942738
2182250865
2182251122
2182275602
2182407186
2188542064
2188542273
2188542482
2190532754
2190639344
2190639553
2190639762
2422248034
2422737506
2422738690
2422773856
2422774274
2423296112
2423296530
2430636256
2430636674
2449600770
2449642082
2449666562
2449798146
2449803874
2449805058
2449814786
2449851650
2450061314
2450131554
2450132738
2450156034
2450167904
2450168322
2450457858
2450458720
2450459138
2450583570
2450690160
2450690578
2450797586
2455933024
2455933442
2456421634
2456422496
2456422914
2457923714
2457977218
2458030304
2458030722
2556465256
2556465674
2556953866
2556954728
2556955146
2583752714
2583806218
2583859304
2583859722
2583966730
2584020234
2584021096
2584021514
2584242186
2584347914
2584348776
2584349194
2691735664
2698027216
2957095232
2957555776
2958078032
2959126624
2959616096
2965418176
2965471680
2973806657
2973860161
2974296129
3091247176
3091300680
3091736648
3224420657
3224634673
3224637185
3224683568
3224683777
3228614768
3228614977
3232809136
3232809345
3238117681
3238129921
3238195713
3238327297
3238331697
3238334209
3238343937
3238380592
3238380801
3238590465
3238659377
3238661889
3238685185
3238697473
3238986800
3238987009
3238988289
3241263152
3241263361
3241477168
3241477377
3241478657
3242258497
3242311792
3242312001
3242747969
3246452865
3246506160
3246506369
3246559873
3291529268
3291529477
3291743284
3291743493
3291744773
3305172997
3305226292
3305226501
3305280005
3305387013
3305440308
3305440517
3305441797
3305662469
3305767988
3305768197
3305769477
3492074528
3492337696
3492859952
3493073968
3496005728
3496495200
3500200096
3558920228
3559134244
3559409700
3626029096
3626243112
3626518568
3759333904
3759465488
3761299504
3761513520
3763396688
3767591056
3767698064
3792756754
3792863762
3792970770
3826311188
3826418196
3826525204
4026659072
4026724864
4026856448
4026863360
4026873088
4026909952
4027119616
4027191040
4027214336
4027226624
4027516160
4027517440
4027641872
4027748880
4027855888
4028690464
4028904480
4029179936
4030787648
4030841152
4031277120
4034982016
4035035520
4035089024
4043370497
4043424001
4043477505
4043584513
4043638017
4043639297
4043859969
4043965697
4043966977
4060147714
4060201218
4060254722
4060361730
4060415234
4060416514
4060637186
4060742914
4060744194
4093702148
4093755652
4093809156
4093916164
4093969668
4093970948
4094191620
4094297348
4094298628
4160811016
4160864520
4160918024
4161025032
4161078536
4161079816
4161300488
4161406216
4161407496
