15730170
15730583
15731445
15731659
15732077
15732286
29427194
29427607
29428469
29428683
29429101
29429310
29438675
29439038
29439221
29439435
29439642
29440233
29440709
29441130
29441551
32518385
32519221
32519439
32519621
32521733
32521738
32572371
32572734
32572875
32572917
32573110
32573338
32573929
32574061
32574103
32574202
32574405
32574588
32574826
32575029
32575247
43124218
43124631
43125493
43125707
43126125
43126334
43147731
43148470
43148698
43149421
43149562
43149765
43149975
43150389
43150607
49307890
49309802
49310223
49310362
49310981
49310986
49415123
49415486
49415627
49415669
49415862
49416090
49416681
49416813
49416855
49416954
49417157
49417340
49417578
49417781
49417999
63994885
63994890
64053906
64055813
64055818
64106945
64107781
64107786
64160241
64160498
64161012
64161039
64161077
64161221
64162040
64162319
64162410
64162458
64163589
64163594
70518266
70518679
70519541
70519755
70520173
70520382
70566347
70566389
70566582
70566810
70567230
70568060
70568298
70568501
70568719
82886900
82887109
82887951
82887989
82889477
82889482
83100627
83100990
83101131
83101173
83101366
83101594
83102185
83102317
83102359
83102458
83102661
83102844
83103082
83103285
83103503
84013118
84078701
84136060
84136298
84136501
84136719
84209867
84215290
84215703
84216565
84216779
84217197
84217406
84226771
84227134
84227317
84227531
84227738
84228329
84228805
84229226
84229647
84263371
84263413
84263606
84263834
84264254
84265084
84265322
84265525
84265743
84275653
84276277
84276495
84277765
84277770
84324585
84325061
84325482
84325903
84381944
84382362
84383493
84383498
84384271
84384362
84471959
84533430
84533658
84535349
84535567
84542970
84543383
84544245
84544459
84544877
84545086
84566483
84567222
84567450
84568173
84568314
84568517
84568727
84569141
84569359
84578793
84578967
84579066
84579269
84579452
84579690
84579893
84580111
84580973
84603546
84604165
84604170
84605034
84605455
84656372
84656581
84657423
84657461
84658949
84658954
84701395
84702362
84703429
84704271
84762866
84764778
84765199
84765338
84765957
84765962
84816113
84816949
84817167
84817349
84819461
84819466
84870099
84870462
84870603
84870645
84870838
84871066
84871657
84871789
84871831
84871930
84872133
84872316
84872554
84872757
84872975
87093301
87093519
87146814
87216901
87216906
87306481
87307317
87307535
87307717
87309829
87309834
87356677
87356682
87360467
87360830
87360971
87361013
87361206
87361434
87362025
87362157
87362199
87362298
87362501
87362684
87362922
87363125
87363343
87408884
87409093
87409935
87409973
87411461
87411466
87464040
87464453
87464458
87615749
87615754
87737396
87737605
87737610
87843474
87845381
87845386
87949809
87950066
87950580
87950607
87950645
87950789
87951608
87951887
87951978
87952026
87953157
87953162
96530629
96531471
96583924
96584133
96584975
96585013
96586501
96586506
96597253
96597258
96646661
96646666
96704616
96705029
96705034
96744651
96797651
96798014
96798155
96798197
96798390
96798618
96799209
96799341
96799383
96799482
96799685
96799868
96800106
96800309
96800527
96809201
96810037
96810255
96810437
96812549
96812554
97025029
97025034
97084050
97085957
97085962
97137089
97137925
97137930
97190385
97190642
97191156
97191183
97191221
97191365
97192184
97192463
97192554
97192602
97193733
97193738
99730484
99730693
99730698
99889601
99890437
99890442
99942897
99943154
99943668
99943695
99943733
99943877
99944696
99944975
99945066
99945114
99946245
99946250
100270320
100270529
100270738
100271156
100271365
100271370
100272232
100272645
100272650
112257285
112257290
112378932
112379141
112379146
112485010
112486917
112486922
112591345
112591602
112592116
112592143
112592181
112592325
112593144
112593423
112593514
112593562
112594693
112594698
126941189
126941194
127047784
127048197
127048202
127336688
127336897
127337106
127337524
127337733
127337738
127338600
127339013
127339018
127428623
127428762
127533553
127533810
127534324
127534351
127534389
127534533
127535352
127535631
127535722
127535770
127536901
127536906
127558290
127560197
127560202
141035002
141035415
141036277
141036491
141036909
141037118
141070825
141070999
141071098
141071301
141071484
141071722
141071925
141072143
141073005
149983480
149983898
149985029
149985034
149985807
149985898
150471635
150471998
150472139
150472181
150472374
150472602
150473193
150473325
150473367
150473466
150473669
150473852
150474090
150474293
150474511
165721605
165721610
165779560
165779973
165779978
166212033
166212869
166212874
166265329
166265586
166266100
166266127
166266165
166266309
166267128
166267407
166267498
166267546
166268677
166268682
167899198
167964781
168022140
168022378
168022581
168022799
168095947
168101370
168101783
168102645
168102859
168103277
168103486
168112851
168113214
168113397
168113611
168113818
168114409
168114885
168115306
168115727
168149451
168149493
168149686
168149914
168150334
168151164
168151402
168151605
168151823
168161733
168162357
168162575
168163845
168163850
168210665
168211141
168211562
168211983
168268024
168268442
168269573
168269578
168270351
168270442
168358039
168419510
168419738
168421429
168421647
168429050
168429463
168430325
168430539
168430957
168431166
168452563
168453302
168453530
168454253
168454394
168454597
168454807
168455221
168455439
168464873
168465047
168465146
168465349
168465532
168465770
168465973
168466191
168467053
168489626
168490245
168490250
168491114
168491535
168542452
168542661
168543503
168543541
168545029
168545034
168587475
168588442
168589509
168590351
168648946
168650858
168651279
168651418
168652037
168652042
168702193
168703029
168703247
168703429
168705541
168705546
168756179
168756542
168756683
168756725
168756918
168757146
168757737
168757869
168757911
168758010
168758213
168758396
168758634
168758837
168759055
174125162
174125583
174183173
174183178
174232173
174372357
174372362
174430312
174430725
174430730
174612722
174614634
174615055
174615194
174615813
174615818
174651909
174651914
174703668
174703877
174703882
174719955
174720318
174720459
174720501
174720694
174720922
174721513
174721645
174721687
174721786
174721989
174722172
174722410
174722613
174722831
174756088
174756506
174757637
174757642
174758415
174758506
174862785
174863621
174863626
174916081
174916338
174916852
174916879
174916917
174917061
174917880
174918159
174918250
174918298
174919429
174919434
177270938
177272847
177334533
177334538
177377528
177377946
177379077
177379082
177379855
177379946
177404421
177404426
177456180
177456389
177456394
177503237
177503242
177562258
177564165
177564170
177615297
177616133
177616138
177668593
177668850
177669364
177669391
177669429
177669573
177670392
177670671
177670762
177670810
177671941
177671946
177760407
177865683
177866046
177866187
177866229
177866422
177866650
177867241
177867373
177867415
177867514
177867717
177867900
177868138
177868341
177868559
177889522
177891434
177891855
177891994
177892613
177892618
183670888
183671301
183671306
183828720
183828929
183829138
183829556
183829765
183829770
183830632
183831045
183831050
184050322
184052229
184052234
184156657
184156914
184157428
184157455
184157493
184157637
184158456
184158735
184158826
184158874
184160005
184160010
197194757
197194762
197248052
197248261
197248266
197407759
197407941
197460465
197460722
197461236
197461263
197461301
197461445
197462264
197462543
197462634
197462682
197463813
197463818
197472705
197473541
197473546
197853424
197853633
197853842
197854260
197854469
197854474
197855336
197855749
197855754
208720645
208720650
208967784
208968197
208968202
209241140
209241349
209241354
209453553
209453810
209454324
209454351
209454389
209454533
209455352
209455631
209455722
209455770
209456901
209456906
224457221
224457226
224563727
224563818
224944786
224946693
224946698
225051121
225051378
225051892
225051919
225051957
225052101
225052920
225053199
225053290
225053338
225054469
225054474
225089640
225090053
225090058
225247472
225247681
225247890
225248308
225248517
225248522
225249384
225249797
225249802
238088453
238088458
238141711
238141749
238301633
238302469
238302474
238354929
238355186
238355700
238355727
238355765
238355909
238356728
238357007
238357098
238357146
238358277
238358282
238404660
238404869
238404874
238944496
238944705
238944914
238945332
238945541
238945546
238946408
238946821
238946826
251773246
251785269
251785487
251826797
251850858
251851279
251908869
251908874
251933899
251982021
251982863
251986899
251987262
251987403
251987445
251987638
251987866
251988457
251988589
251988631
251988730
251988933
251989116
251989354
251989557
251989775
251998449
251999285
251999503
251999685
252001797
252001802
252035316
252035525
252036367
252036405
252037893
252037898
252048645
252048650
252098053
252098058
252156008
252156421
252156426
252209303
252244122
252246031
252307717
252307722
252314579
252314942
252315083
252315125
252315318
252315546
252316137
252316269
252316311
252316410
252316613
252316796
252317034
252317237
252317455
252338418
252340330
252340751
252340890
252341509
252341514
252350712
252351130
252352261
252352266
252353039
252353130
252377605
252377610
252429364
252429573
252429578
252476421
252476426
252535442
252537349
252537354
252588481
252589317
252589322
252641777
252642034
252642548
252642575
252642613
252642757
252643576
252643855
252643946
252643994
252645125
252645130
284169155
284169518
284169701
284169910
284170122
284170887
284170986
284171372
284171813
299905731
299906094
299906277
299906698
299962849
299963122
299963636
299963685
299964648
299965066
310474918
310539430
310596066
310597860
311457927
311519278
311519626
311563203
311563566
311563749
311563958
311564170
311564935
311565034
311565420
311565861
311587058
311589514
311640515
311640978
311641482
311642220
311642661
311643188
316698850
316756866
316759076
316806822
317747858
317854177
317854450
317854964
317855013
317855976
317856394
331378883
331379850
331432387
331432850
331433354
331434092
331434533
331435060
331493601
331494437
331550960
331551378
331551796
337957542
338219430
338448866
338450660
338743598
338957251
338957614
338957797
338958006
338958218
338958983
338959082
338959468
338959909
339005684
339006757
339263879
339265829
339493315
339493778
339494282
339495020
339495461
339495988
350277860
350492326
350770050
350772260
351327284
351539681
351539954
351540468
351540517
351541480
351541898
354480174
354537765
354603116
354603557
354693827
354694190
354694373
354694794
354743333
354750945
354751218
354751732
354751781
354752744
354753162
354800692
354849000
354849418
354969646
354969994
355006501
355058058
355059764
355090883
355091346
355091850
355092588
355093029
355093556
355340528
355340946
355341364
367276257
367277093
367333616
367334034
367334452
379705380
379769892
379875970
379982562
379983076
380137858
381030640
381031058
381031476
394326154
394379658
394381364
394432744
394433162
394817682
394924272
394924690
394925108
417370759
417370858
417371244
417371685
417862113
417862386
417862900
417862949
417863912
417864330
444657799
444711303
444713253
444723594
444764807
444764906
444765292
444765733
444789386
444887235
444888202
444940739
444941202
444941706
444942444
444942885
444943412
445001953
445002789
445059312
445059730
445060148
445151370
445211026
445212709
445256161
445256434
445256948
445256997
445257960
445258378
445280914
451055848
451056266
451547376
451547794
451548212
476106860
476107301
476352744
476353162
476594627
476595090
476595594
476596332
476596773
476597300
476844272
476844690
476845108
505475109
505532468
505688289
505689125
505745648
505746066
505746484
505962898
505964581
552609054
552609237
552609430
552610249
552610381
552610522
552610940
552611146
552611349
567292958
567293141
567294153
567295050
567353809
567354066
567354612
567354645
567355640
567355978
584082582
584083533
584083674
584084501
584196561
584196818
584197364
584197397
584198392
584198730
605217116
605349980
605463000
605463252
607183134
607306061
607306517
607397150
607397333
607397526
607398345
607398477
607398618
607399036
607399242
607399445
607445236
607446293
607551945
607552150
607552842
607553076
607553896
607554069
617668820
617784852
617785672
617884764
619766836
619979217
619979474
619980020
619980053
619981048
619981386
621867038
621928725
621974046
621974346
621998613
622051658
622051892
622081054
622081237
622082249
622083146
622130197
622141905
622142162
622142708
622142741
622143736
622144074
622191668
622387350
622389269
622494153
622494358
622495050
622495284
622496104
622496277
622616786
622618698
622731504
622732340
622733416
634663121
634663957
634724592
634725428
634726504
647028886
647030805
647135689
647135894
647136586
647136820
647137640
647137813
647258322
647260234
647373040
647373876
647374952
675394140
675853404
675914200
675914452
677425741
677483038
677483338
677913886
677914069
677914262
677915081
677915213
677915354
677915772
677915978
677916181
677949688
677952074
678003145
678003350
678004042
678004276
678005096
678005269
684765400
684828180
684829000
685255772
686864488
687350225
687350482
687351028
687351061
687352056
687352394
700494025
700494922
700547529
700547734
700548426
700548660
700549480
700549653
700985553
700986389
701047024
701047860
701048936
708898893
708952397
708952853
708964682
709014090
709071208
709071381
709144777
709145674
709198281
709198486
709199178
709199412
709200232
709200405
709387414
709388365
709388506
709389333
709425226
709501393
709501650
709502196
709502229
709503224
709503562
709539944
709636305
709637141
709697776
709698612
709699688
718823634
718825546
718938352
718939188
718940264
743563796
743616840
743749704
744023060
744236244
744237272
746332400
746333236
746334312
759230538
759284042
759284276
759345256
759718098
759720010
759832816
759833652
759834728
772861973
772923444
772968808
772968981
773075153
773075989
773136624
773137460
773138536
817969860
818953292
819013076
819014088
819014220
819015188
820000390
820057026
820057572
820058758
820059684
821047745
821048018
821048564
821048581
821049576
821101040
821101838
821101876
821102021
821103118
821104389
834680010
834733010
834733514
834733556
834734568
834734700
834734742
834735045
834735668
834735886
834744560
834745396
834745614
834745797
834747909
851473542
851527046
851528996
851538370
851587778
851588324
851644896
851645732
852521170
852635888
852636724
852689345
852690181
852691461
872757956
872804804
872806916
872854212
872912644
873097668
873108420
873133316
873185732
873188100
873232580
873295108
873346500
873348612
873401284
873632588
873709900
873710356
873741388
873787604
873801172
873802184
873802316
873803284
873850132
873903636
873955784
873957908
874153292
874153748
874179092
874276940
874277908
874389968
874390804
874788486
874836196
874845122
874845668
874846854
874847780
874894628
874943110
874944036
875063686
875151750
875153700
875185542
875187492
875223588
875330596
875381186
875383332
875434464
875435300
875622661
875675918
875675956
875745844
875835841
875836114
875836660
875836677
875837672
875885620
875889136
875889934
875889972
875890117
875891214
875892485
875939077
876144692
876478913
876479749
876481029
885059780
885113284
885115652
885126404
885175812
885234180
885328836
885339588
885341700
885554180
885615108
885666240
885667076
885720516
885722884
886109204
886322388
886323400
886383056
886383892
887157796
887370434
887370980
887427552
887428388
888418544
888419380
888472001
888472837
888474117
889319476
889319694
889361004
889385486
889443077
889468106
889516229
889517070
889521106
889521610
889521652
889522664
889522796
889522838
889523141
889523764
889523982
889532656
889533492
889533710
889533893
889536005
889569733
889570574
889570612
889572101
889582853
889632261
889690629
889743510
889780238
889841925
889848786
889849290
889849332
889850344
889850476
889850518
889850821
889851444
889851662
889874958
889875717
889886469
889887246
889911813
889963781
890010629
890071557
890122689
890123525
890175984
890176782
890176820
890176965
890178062
890179333
901837829
901891333
902050830
902051013
902103536
902104334
902104372
902104517
902105614
902106885
902115777
902116613
902496705
902497541
902498821
914419846
914473350
914475300
914526854
914527780
914649282
914702786
914704932
914764000
914764836
914974756
915018208
915019044
915957765
916062657
916063493
916064773
952153164
952206668
952207124
952218056
952644820
952645832
952705488
952706324
954249448
954740976
954741812
954794433
954795269
954796549
985936065
985936901
985989569
985990405
985991685
1010888780
1010942284
1010942740
1011061268
1011134664
1011188168
1011190292
1011378252
1011379220
1011491280
1011492116
1011626192
1011627028
1013092869
1013580225
1013581061
1013582341
1040248846
1040302350
1040302388
1040314629
1040355854
1040380421
1040462862
1040463045
1040512005
1040515568
1040516366
1040516404
1040516549
1040517646
1040518917
1040527809
1040528645
1040565509
1040738318
1040775173
1040843248
1040844046
1040844084
1040844229
1040845326
1040846597
1040869893
1040882181
1041170881
1041171717
1041172997
1089487763
1089488267
1089488309
1089489385
1089489453
1089489594
1089489797
1089489980
1089490218
1099004073
1099068585
1099125425
1099125944
1102082225
1102137769
1102205825
1102208040
1103131787
1103184787
1103185291
1103185333
1103186409
1103186477
1103186618
1103186821
1103187004
1103187242
1103196401
1103197573
1103246381
1103246981
1103303315
1103303617
1103303740
1103303978
1103305349
1103305832
1106276801
1106330097
1106330290
1106330804
1106331013
1106331896
1106332202
1118855571
1118857261
1118857402
1118857605
1118978545
1118978738
1118979252
1118979461
1118980344
1118980650
1133539475
1133541509
1133600946
1133602858
1133646483
1133646785
1133646908
1133647146
1133648517
1133649000
1133723888
1133724097
1133725800
1152434571
1152434613
1152436284
1152436522
1152664049
1152664242
1152664756
1152664965
1152665848
1152666154
1166078091
1166131595
1166131637
1166133308
1166133546
1166143877
1166185099
1166186026
1166209669
1166308485
1166361073
1166361266
1166361780
1166361989
1166362872
1166363178
1166373313
1166422721
1166423082
1166569619
1166571653
1166631090
1166633002
1166676627
1166676929
1166677052
1166677290
1166678661
1166679144
1166754032
1166754241
1166755944
1169277108
1169277317
1169506544
1169506753
1169508456
1210372777
1210634665
1210864305
1210864824
1214304813
1214550667
1214551594
1214792595
1214793099
1214793141
1214794217
1214794285
1214794426
1214794629
1214794812
1214795050
1214828792
1214831146
1215042195
1215042497
1215042620
1215042858
1215044229
1215044712
1219547320
1219777409
1219779624
1220037033
1223743592
1224229361
1224229554
1224230068
1224230277
1224231160
1224231466
1235343400
1235407912
1235513985
1235775873
1235829169
1235830968
1240023280
1240023489
1240025192
1243672621
1243729980
1243730218
1243796010
1243886637
1243887237
1243935786
1243943571
1243943873
1243943996
1243944234
1243945605
1243946088
1244041861
1244042344
1244160403
1244162093
1244162234
1244162437
1244198954
1244250292
1244250501
1244283377
1244283570
1244284084
1244284293
1244285176
1244285482
1244321896
1244479728
1244479937
1244481640
1253597362
1253599274
1253720304
1253720513
1253722216
1266741381
1266794676
1266794885
1266848389
1266848872
1266970817
1267024112
1267024321
1267026024
1278267452
1278267690
1278481043
1278481345
1278481468
1278481706
1278483077
1278483560
1278787764
1278787973
1279017200
1279017409
1279019112
1294004266
1294127208
1294217921
1294218282
1294491826
1294493738
1294614768
1294614977
1294616680
1357926881
1357927090
1357927604
1357928680
1369526689
1369528488
1369592481
1369593000
1373663457
1373720816
1373770371
1373770796
1386303906
1386305700
1386369698
1386370212
1387294898
1387348355
1387350060
1387417840
1400979890
1400981684
1400992131
1401033441
1401033960
1401057923
1420055202
1420055716
1420317090
1420318884
1420873908
1421103344
1421361539
1421363244
1487164065
1487164584
1487425953
1487427752
1491128552
1491341955
1491342380
1491620080
1545868001
1545868520
1545917484
1546142130
1546143924
1546180652
1620207000
1622174089
1622295441
1622295945
1622297272
1622297896
1624271900
1624384796
1624385172
1624386264
1624386888
1626366417
1626366610
1626367156
1626368248
1626368522
1626473200
1626473741
1626475021
1626475112
1626475162
1626476298
1636857993
1636917649
1636919480
1636965001
1636965928
1636987537
1637040816
1637042728
1641050321
1641111792
1641113704
1641218706
1641219338
1641220618
1653631125
1653736401
1653736764
1653736905
1653737140
1653737370
1653738133
1653738232
1653738856
1653739277
1653760240
1653762152
1653762573
1653762714
1653763338
1687218204
1687325212
1687325512
1687347860
1687446676
1687447768
1687560912
1687562824
1689313460
1689542896
1689544808
1689649810
1689650442
1689651722
1704485010
1704486922
1704592018
1704592650
1704593930
1745172120
1745208216
1745222152
1745326744
1745327880
1745478040
1745511832
1745547928
1745548552
1745603336
1745646744
1745709720
1745710344
1745763848
1745815448
1747203721
1747262089
1747263016
1747309864
1747358345
1747359272
1747478921
1747513528
1747566985
1747568936
1747600273
1747600777
1747602104
1747602728
1747638824
1747745832
1747796656
1747798568
1747849873
1747850536
1749140252
1749258780
1749259080
1749387804
1749388104
1749398856
1749576732
1749610712
1749674312
1749689628
1749690004
1749691096
1749691720
1749727816
1749779092
1749779784
1749824540
1749826632
1749885648
1749887560
1751183882
1751241064
1751290381
1751290472
1751430248
1751671249
1751671442
1751671988
1751673080
1751673354
1751709800
1751778032
1751778573
1751779853
1751779944
1751779994
1751781130
1751816714
1751974546
1751975178
1751976458
1754329240
1754392840
1754436248
1754437384
1754462728
1754514696
1754561544
1754620560
1754622472
1754674440
1754729112
1754730248
1754924952
1754950296
1754950920
1756428328
1756914065
1756915896
1757037232
1757039144
1758525512
1759011988
1759013080
1759126224
1759128136
1761108208
1761110120
1761215122
1761215754
1761217034
1770057865
1770111369
1770113320
1770164873
1770165800
1770341040
1770342952
1770402856
1770549393
1770610864
1770612776
1770656401
1770657064
1774466058
1774518930
1774519562
1774520842
1778499900
1778512141
1778577512
1778577933
1778635530
1778660553
1778709517
1778713553
1778713916
1778714057
1778714292
1778714522
1778715285
1778715384
1778716008
1778716429
1778726157
1778728458
1778763021
1778764554
1778775306
1778824714
1778883082
1778935957
1778970778
1778972685
1779034378
1779041233
1779041596
1779041737
1779041972
1779042202
1779042965
1779043064
1779043688
1779044109
1779065072
1779066984
1779067405
1779067546
1779068170
1779077786
1779078922
1779079693
1779079784
1779104266
1779156234
1779203082
1779262098
1779264010
1779315978
1779368688
1779369229
1779370509
1779370600
1779370650
1779371786
1787885578
1787992586
1788281490
1788282122
1788283402
1788373005
1788373146
1788478192
1788478733
1788480013
1788480104
1788480154
1788481290
1788502674
1788504586
1813049372
1813156380
1813156680
1813233992
1813263388
1813265480
1813324496
1813326408
1813569684
1813676692
1813677384
1813799120
1813801032
1815200010
1815413394
1815414026
1815415306
1828777997
1828831501
1828843786
1828885005
1828885096
1828909578
1828992013
1829041162
1829044976
1829045517
1829046797
1829046888
1829046938
1829048074
1829057802
1829094666
1829267469
1829267610
1829304330
1829372656
1829373197
1829374477
1829374568
1829374618
1829375754
1829397138
1829399050
1829411338
1829700242
1829700874
1829702154
1888577928
1888622472
1888647816
1888699280
1888699784
1890611585
1890613416
1890664880
1890734768
1891715972
1891726724
1891776132
1891832768
1891834500
1892709524
1892710600
1892770256
1892823760
1892877580
1892878860
1893757570
1893758116
1893814752
1893864160
1894805744
1894859201
1894912658
1904298408
1904308400
1904350888
1904432001
1908438149
1908490736
1908491653
1908502977
1908552385
1921075620
1921128100
1921151200
1921209218
1922070666
1922130322
1922175728
1922177674
1922200210
1954673028
1954738820
1954837636
1954891140
1954902464
1954951872
1955100804
1955206080
1955207812
1955283392
1955655828
1955762836
1955885264
1956145164
1956250892
1956252172
1956704420
1956933856
1957040770
1957249410
1971384453
1971437957
1971491461
1971613889
1971667393
2021781896
2021847688
2021946504
2021999504
2022000008
2022118032
2022209672
2022269328
2022316680
2022339216
2023813288
2024149633
2024304816
2024358273
2025910472
2025963976
2026124300
2026177804
2026179084
2026402000
2055270538
2055324042
2055377546
2055762066
2055869074
2080502028
2080567820
2080650440
2080699404
2080703440
2080703944
2080705172
2080706316
2080716044
2080752908
2080925844
2080962572
2081031120
2081031624
2081032852
2081033996
2081057292
2081069580
2081359116
2081360396
2082533420
2082747436
2083022892
2163246035
2163246411
2163246453
2163246646
2163246874
2163247465
2163247639
2163247738
2163247941
2168566355
2169025619
2169087090
2169088113
2171646065
2171700051
2172167698
2172168513
2176889931
2176943059
2176943435
2176943477
2176943670
2176943898
2176944489
2176944663
2176944762
2176944965
2176954609
2176955717
2177381399
2177383493
2177442870
2177443098
2177443474
2177443945
2177444289
2177444421
2180035009
2180088305
2180088562
2180088948
2180089157
2180089976
2180090394
2182275411
2182408275
2182521970
2182522993
2188435570
2188542803
2188682770
2188683585
2190534679
2190640083
2190640459
2190640501
2190640694
2190640922
2190641513
2190641687
2190641786
2190641989
2190663922
2190666266
2190764107
2190765082
2190877750
2190877978
2190878354
2190878825
2190879169
2190879301
2196824722
2196931057
2196931314
2196931700
2196931909
2196932728
2196933146
2203181586
2203234625
2203287921
2203288178
2203367489
2203640850
2211676400
2211676609
2211676818
2221982027
2221982069
2221982262
2221982490
2222227953
2222228210
2222228596
2222228805
2222229624
2222230042
2235625547
2235679051
2235679093
2235679286
2235679514
2235691333
2235740265
2235740741
2235797624
2235798042
2235872325
2235924977
2235925234
2235925620
2235925829
2235926648
2235927066
2235937217
2236115019
2236115994
2236151877
2236228662
2236228890
2236229266
2236229737
2236230081
2236230213
2236317936
2236318145
2236318354
2236363802
2236364993
2238824564
2238824773
2239070448
2239070657
2239070866
2251350070
2251350298
2251473012
2251473221
2251564086
2251564314
2251564690
2251565161
2251565505
2251565637
2251718896
2251719105
2251719314
2266034202
2266140792
2266141210
2266248218
2266249409
2266554514
2266661104
2266661313
2266661522
2289078633
2289078807
2289078906
2289079109
2289598961
2289599218
2289599604
2289599813
2289600632
2289601050
2304815209
2304815685
2304872568
2304872986
2305303606
2305303834
2305304210
2305304681
2305305025
2305305157
2305392880
2305393089
2305393298
2316365847
2316427318
2316427546
2316472681
2316472855
2316472954
2316473157
2316497434
2316550260
2316550469
2316579863
2316581957
2316629018
2316641334
2316641562
2316641938
2316642409
2316642753
2316642885
2316796144
2316796353
2316796562
2316888090
2316993009
2316993266
2316993652
2316993861
2316994680
2316995098
2317017746
2317116562
2317117509
2322763896
2322764314
2323284208
2323284417
2323284626
2336288837
2336342132
2336342341
2336534721
2336588016
2336588225
2336588434
2336777362
2336778309
2422773090
2423296835
2423817539
2423818002
2423818593
2423818866
2430637606
2431128870
2431129474
2431130338
2431130724
2431685089
2431685362
2431685748
2431686760
2431687178
2432173319
2432174320
2432174599
2432174698
2432174738
2432175882
2439033411
2439090529
2439090802
2439522883
2439523858
2439559265
2439612528
2439612946
2447421665
2447479024
2447479442
2447967498
2447968360
2447968778
2449723746
2449816674
2449852770
2449865218
2449912930
2449970946
2449971810
2450167138
2450191618
2450192482
2450246402
2450352226
2450353410
2450406914
2450460002
2450690883
2450714738
2450768195
2450768658
2450799683
2450860611
2450861586
2450908434
2450961938
2451015792
2451016210
2451211587
2451212050
2451212641
2451212914
2451237394
2451335235
2451336210
2451449106
2451449953
2455826530
2455884546
2456073730
2456131680
2456132098
2456316002
2456317186
2456353282
2456405250
2456423778
2456459010
2456459874
2456564994
2456619618
2456620802
2456875538
2456981857
2456982130
2457503856
2457504274
2457979174
2458031654
2458054882
2458112898
2458208806
2458209154
2458219906
2458268710
2458269314
2458327264
2458327682
2458478630
2458478978
2458522918
2458523522
2458524386
2458524772
2458548866
2458600834
2458601572
2458974218
2459034002
2459079137
2459079410
2459079796
2459080808
2459081226
2459103890
2459202706
2459370762
2459371624
2459372042
2459461639
2459461778
2459567367
2459568368
2459568647
2459568746
2459568786
2459569930
2459593226
2464215682
2464322274
2464322660
2464815328
2464815746
2465370352
2465370770
2465858826
2465859688
2465860106
2470506563
2470560067
2470560530
2470621281
2470678640
2470679058
2470807664
2470808082
2470996035
2470997010
2471109906
2471110753
2471244818
2479109130
2479162634
2479163496
2479163914
2489373222
2489619170
2489619556
2489862694
2489863042
2489899108
2490112224
2490112642
2490421364
2490667248
2490667666
2491155722
2491156584
2491157002
2506264680
2506265098
2506753290
2506754152
2506754570
2518741030
2518863972
2518955046
2518955650
2519013600
2519014018
2519109856
2519110274
2519230502
2519230850
2519318914
2519352706
2519353444
2519843082
2520057098
2520057960
2520058378
2533421063
2533474567
2533486858
2533528071
2533528170
2533552650
2533635079
2533684234
2533688583
2533689584
2533689863
2533689962
2533690002
2533691146
2533700874
2533737738
2533910535
2533910674
2533947402
2534016263
2534017264
2534017543
2534017642
2534017682
2534018826
2534042122
2534053992
2534054410
2534343946
2534344808
2534345226
2556465765
2556953910
2556954051
2556954514
2556955105
2556955237
2556955378
2556955764
2556956010
2556956423
2556989680
2556990098
2556991242
2556992007
2556992106
2583806262
2583818503
2583859813
2583883882
2583884295
2583941898
2583966915
2584015879
2584020278
2584020419
2584020882
2584021473
2584021605
2584021746
2584022132
2584022378
2584022791
2584032519
2584034826
2584069383
2584070922
2584081674
2584131082
2584189032
2584189450
2584277138
2584279047
2584340746
2584347958
2584348099
2584348562
2584349153
2584349285
2584349426
2584349812
2584350058
2584350471
2584373354
2584373767
2584373906
2584374538
2584383728
2584384146
2584385290
2584386055
2584386154
2584410634
2584462602
2584509450
2584570378
2584622346
2584675591
2584676592
2584676871
2584676970
2584677010
2584678154
2590044682
2590151175
2590151274
2590534154
2590639367
2590640368
2590640647
2590640746
2590640786
2590641930
2590677096
2590677514
2590835978
2590836840
2590837258
2700124625
2700124882
2700125300
2700126328
2706481489
2706481746
2706941010
2706942033
2714808529
2714870000
2715296790
2715297865
2723324241
2723324498
2723456082
2723457105
2731598034
2731712752
2731811862
2731812937
2756878680
2756878932
2757010516
2757011544
2758860916
2758967625
2758967830
2759106800
2786230648
2786230900
2786255382
2786338002
2786339025
2786386966
2823922008
2823922260
2824381524
2824382552
2825957496
2826010953
2826011158
2826477808
2839642488
2839642740
2839654729
2840077522
2840078545
2840115273
2959184706
2959617346
2959653442
2959705410
2959706464
2960175425
2960175698
2960228720
2960697456
2965474116
2965484868
2965912644
2965973440
2965973572
2966467668
2966468680
2966528464
2966956240
2967515842
2967516260
2967572960
2968008928
2968061190
2968062470
2968563952
2968617409
2969053288
2973860690
2973872240
2974297170
2974394689
2982196293
2982248944
2982249797
2982261185
2982688961
2990666050
2990715458
2990772576
2990847042
2990900546
2990901600
2991126594
2991204930
2991241312
2991401056
2991648850
2991763568
2991817025
2992384065
2998988994
2999042498
2999103712
2999202822
2999256326
2999257606
3024220484
3024269892
3024401476
3024454980
3024466368
3024681028
3024759232
3024759364
3024847296
3024894144
3025203284
3025371464
3025449168
3025938504
3026251876
3026358790
3026497760
3026741348
3026846982
3026848262
3040931909
3040985413
3041177793
3041231297
3041421381
3053580550
3053621860
3053646342
3053728962
3053777926
3053782466
3053783520
3053783652
3053784838
3053794566
3053831430
3054041094
3054110146
3054111200
3054111332
3054112518
3054135814
3054148102
3054437638
3054438918
3054563350
3054670358
3054777366
3091301204
3091737684
3091771600
3091835208
3093344842
3093401960
3093833968
3093834314
3093870696
3124817994
3124871498
3124932712
3125307466
3125422184
3224685105
3228615443
3228861809
3228862002
3228862995
3228863297
3232811305
3233039793
3233040937
3233041281
3233041464
3237003761
3237003954
3237004340
3237004549
3237005432
3237217520
3237217547
3237217589
3237217729
3237218827
3237220101
3238253105
3238382129
3238392881
3238394369
3238500097
3238651953
3238685745
3238696497
3238720769
3238774065
3238775553
3238882561
3238933553
3238936065
3238989361
3241209905
3241333505
3241423921
3241426433
3241473281
3241479729
3241526577
3241528065
3241581057
3241732353
3241854000
3241854209
3241961985
3242067249
3242069761
3242312467
3242324081
3242430995
3242431297
3242558833
3242559026
3242560019
3242560321
3242571073
3242748947
3242846529
3242861843
3242863937
3242900033
3242951792
3242952001
3242996755
3242998849
3243058226
3243059777
3245404481
3245457777
3245457970
3245704304
3245704513
3246508329
3246518449
3246560809
3246642049
3246736817
3246737961
3246738305
3246738488
3246749057
3246797865
3246798465
3246855224
3246856833
3247007785
3247008129
3247052073
3247052673
3247078017
3247129776
3247129985
3249598849
3249652145
3249653816
3249882288
3249882497
3250648069
3250700785
3250700978
3250701364
3250701573
3250702456
3250713025
3250762433
3250861067
3250861249
3250914544
3250914571
3250914613
3250914753
3250915851
3250917125
3250926853
3251140801
3251307572
3251307781
3251309061
3253846256
3253846465
3254060084
3254060293
3254061573
3257983251
3258106225
3258106418
3258197267
3258199361
3258246194
3258352752
3258352961
3266371762
3266494704
3266494913
3266708532
3266708741
3266710021
3272667155
3272728626
3272774163
3272774465
3272851568
3272851777
3272881171
3272883265
3272942642
3272944193
3273294960
3273295169
3273418817
3281545221
3281650740
3281650949
3281652229
3291529530
3291743546
3291743729
3291743922
3291744873
3291744915
3291745217
3291745400
3291745845
3291746059
3291791600
3291791809
3291792651
3291792693
3291794181
3305226554
3305238581
3305238795
3305280105
3305304587
3305362181
3305435329
3305436171
3305440570
3305440753
3305440946
3305441897
3305441939
3305442241
3305442424
3305442869
3305443083
3305452597
3305452811
3305452993
3305455109
3305488624
3305488833
3305489675
3305489717
3305491205
3305501957
3305551365
3305609733
3305662611
3305699339
3305761029
3305768250
3305768433
3305768626
3305769577
3305769619
3305769921
3305770104
3305770549
3305770763
3305794059
3305794821
3305805573
3305806347
3305830917
3305882676
3305882885
3305929733
3305990661
3306042629
3306095856
3306095883
3306095925
3306096065
3306097163
3306098437
3308318981
3308372235
3308372277
3308532997
3308586224
3308586251
3308586293
3308586433
3308587531
3308588805
3308635188
3308635397
3309175860
3309176069
3309177349
3358642473
3358856489
3358857089
3358905400
3359162801
3359164472
3359392944
3359393153
3362836600
3363356912
3363357121
3363570740
3363570949
3363572229
3374379049
3374436408
3374593065
3374593665
3374650424
3374652033
3374748289
3374868521
3374868865
3374956720
3374956929
3374990512
3374990721
3378680325
3379168308
3379168517
3379169797
3392258100
3392258309
3392472116
3392472325
3392473605
3405836299
3405889803
3405889845
3405902085
3405943307
3405967877
3406050315
3406050497
3406099461
3406103792
3406103819
3406103861
3406104001
3406105099
3406106373
3406116101
3406152756
3406152965
3406325771
3406362629
3406431472
3406431499
3406431541
3406431681
3406432779
3406434053
3406457349
3406469637
3406758964
3406759173
3406760453
3493076513
3493123361
3493382433
3493612065
3493612592
3496252962
3496496418
3496532514
3496744226
3496746080
3497054561
3497054770
3497301104
3497576560
3497788675
3497789955
3501248929
3501250600
3501479088
3501738160
3504394914
3504395300
3504608480
3504888032
3505443056
3505656884
3505932392
3508654369
3508720161
3508859937
3508868385
3508917296
3509123105
3509176368
3509209633
3509210160
3509457968
3512791137
3512848496
3512898051
3513280609
3513386243
3513387523
3516985505
3517042864
3517322280
3517532200
3525431586
3525497378
3525637154
3525645602
3525647456
3525743712
3525900322
3525986850
3526023264
3526183008
3526422578
3526476035
3526545520
3526636594
3526690051
3526691331
3533762722
3533885664
3534099492
3534309412
3540107570
3540119811
3540161121
3540185603
3540317187
3540321586
3540322913
3540323440
3540324099
3540333827
3540370691
3540580355
3540649266
3540650593
3540651120
3540651779
3540675075
3540687363
3540976899
3540978179
3548442755
3548496259
3548549763
3559134882
3559182560
3559410082
3559676964
3559969061
3560183024
3560183077
3560231988
3560491060
3575705637
3575762996
3575919653
3575977012
3576195109
3626243745
3626518945
3626553520
3626785832
3630223914
3630470248
3630713072
3630713386
3630749800
3659591722
3659714664
3659805738
3660081194
3660204136
3761423121
3761516049
3761562897
3761669680
3761670673
3765494097
3765494290
3765600880
3765740656
3767699224
3767724568
3767823384
3767936280
3767936656
3769688465
3769690168
3769811632
3769918640
3770025225
3770026505
3771786260
3771787352
3771900624
3771999440
3773882608
3773989522
3774096436
3776045329
3776115217
3776168496
3776246801
3776259345
3776308272
3776505873
3776611888
3776612881
3776848944
3780178001
3780239472
3780346386
3780912146
3784372369
3784433840
3784479377
3784861705
3784967433
3784968713
3792864081
3792887920
3792972881
3793135122
3801147418
3801252592
3801254426
3801277074
3801375890
3826418520
3826527320
3826573520
3826689556
3828408597
3828531764
3828622576
3828622613
3828671540
3843092501
3843153972
3843199509
3843306517
3843367988
3893485848
3893555736
3893687320
3893699864
3893700240
3893854864
3893946392
3894053400
3894076048
3894174864
3895521336
3895574793
3895735352
3895788809
3895790089
3896041648
3897618520
3897786900
3898138832
3898352660
3909206328
3909218569
3909284361
3909415945
3909420344
3909420720
3909421713
3909422857
3909432585
3909469449
3909642385
3909679113
3909748024
3909748400
3909749393
3909750537
3909773833
3909786121
3910075657
3910076937
3913347145
3913400649
3913836617
3926978586
3927085594
3927192602
3927498898
3927605906
4026923520
4027029248
4027249920
4027304704
4027411712
4027465216
4027826960
4027919888
4027966736
4028020240
4028074512
4028270352
4028295696
4028394512
4028507408
4028964384
4029011232
4029060640
4029270304
4029304096
4029340192
4029447200
4029499936
4029551904
4029739265
4029792560
4029862448
4029953281
4030002224
4030006576
4030009089
4030055681
4030261296
4030596353
4030597633
4030960448
4031089472
4031100224
4031375680
4031393088
4031429184
4031481152
4031528000
4031588928
4031897936
4031951440
4032083024
4032358480
4032885250
4032942432
4032991840
4033131616
4033374722
4033411168
4033481312
4033482498
4033518082
4033676546
4033677826
4033933424
4033986881
4034040338
4035171200
4035267456
4035278208
4035327616
4035385984
4035537280
4035581824
4035607168
4035659136
4036032520
4036092304
4036139528
4036162192
4036261008
4036429064
4036430344
4036520080
4036627088
4036628232
4036651528
4037136800
4037202592
4037309600
4037572768
4038127792
4038181249
4038617128
4039177220
4039230724
4039242176
4039291584
4039390400
4039443904
4039446276
4039456004
4039669952
4039836932
4039838212
4040224976
4040438804
4040714312
4041273568
4041380482
4041487396
4043436080
4043559681
4043640368
4043650096
4043652609
4043687216
4043688705
4043699457
4043748865
4043807233
4043958529
4043968048
4043992321
4044003073
4044028417
4044080385
4044127233
4044188161
4044240129
4044293424
4044295937
4047618416
4047630657
4047680065
4047811649
4047865153
4048091201
4048169537
4051812784
4051825025
4051890817
4051989633
4052043137
4052252801
4052359809
4055953601
4056007105
4056167429
4056220933
4056222213
4060278880
4060336898
4060417376
4060429826
4060465922
4060476674
4060526082
4060584450
4060735746
4060745056
4060768352
4060769538
4060780290
4060781152
4060805634
4060857602
4060904450
4060965378
4061017346
4061071968
4061073154
4061258002
4061303408
4061327890
4061459474
4061472018
4061718546
4061825554
4068602242
4068643552
4068668034
4068766850
4068820354
4069030018
4069137026
4069585042
4069692050
4070074378
4070180106
4070181386
4093891332
4093964480
4093971392
4093982144
4093984260
4094017984
4094020356
4094031108
4094080516
4094138884
4094290180
4094299072
4094323972
4094334724
4094360068
4094412036
4094458884
4094519812
4094571780
4094625216
4094627588
4094812436
4094882324
4094964944
4095013908
4095026452
4095272980
4095379988
4095856932
4095922724
4096013536
4096062500
4096070948
4096325668
4096412196
4096847924
4096901381
4097061940
4097115397
4097116677
4110479370
4110532874
4110532916
4110545157
4110586378
4110610949
4110693386
4110693569
4110742533
4110746890
4110746932
4110747073
4110748170
4110749445
4110759173
4110796037
4110968842
4111005701
4111074570
4111074612
4111074753
4111075850
4111077125
4111100421
4111112709
4111402245
4111403525
4161000200
4161079184
4161093128
4161129224
4161139976
4161189384
4161247752
4161335440
4161399048
4161406864
4161432208
4161432840
4161442448
4161443592
4161468936
4161520904
4161567752
4161628680
4161680648
4161735312
4161736456
4162965800
4163031592
4163171368
4163179816
4163397808
4163434536
4163521064
4165071176
4165120584
4165252168
4165305672
4165494992
4165531720
4165610056
4167102568
4167209482
4167592040
4167697674
4167698954
4194365445
4194418949
4194431242
4194472453
4194472552
4194497034
4194579461
4194628618
4194632965
4194634245
4194634344
4194634386
4194635530
4194645258
4194682122
4194854917
4194855058
4194891786
4194960645
4194961925
4194962024
4194962066
4194963210
4194986506
4194998794
4195288330
4195289610
