29439226
29439639
29440715
29441133
32518867
32519230
32519413
32519627
32519834
32520425
32520901
32521322
32521743
32572922
32573335
32574197
32574411
32574829
32575038
43148695
43149557
43149771
43150398
49308115
49308854
49309082
49309805
49309946
49310149
49310359
49310773
49310991
49415674
49416087
49416949
49417163
49417581
49417790
63992019
63992986
63994053
63994895
64053490
64055402
64055823
64055962
64056581
64056586
64106737
64107573
64107791
64107973
64110085
64110090
64160723
64161086
64161227
64161269
64161462
64161690
64162281
64162413
64162455
64162554
64162757
64162940
64163178
64163381
64163599
70566394
70566807
70568301
70568510
82887115
82887157
82887350
82887578
82887998
82888828
82889066
82889269
82889487
83101178
83101591
83102453
83102667
83103085
83103294
84136301
84136510
84227322
84227735
84228811
84229229
84263418
84263831
84265325
84265534
84275445
84275659
84275866
84276286
84277354
84277775
84325067
84325485
84382185
84382359
84382458
84382661
84382844
84383082
84383285
84383503
84384365
84533655
84535358
84567447
84568309
84568523
84569150
84579061
84579275
84579693
84579902
84603130
84603333
84603543
84603957
84604175
84605037
84656587
84656629
84656822
84657050
84657470
84658300
84658538
84658741
84658959
84702359
84703435
84763091
84763830
84764058
84764781
84764922
84765125
84765335
84765749
84765967
84816595
84816958
84817141
84817355
84817562
84818153
84818629
84819050
84819471
84870650
84871063
84871925
84872139
84872557
84872766
87093310
87216252
87216490
87216693
87216911
87306963
87307326
87307509
87307723
87307930
87308521
87308997
87309418
87309839
87355845
87356469
87356687
87357957
87357962
87361018
87361431
87362293
87362507
87362925
87363134
87409099
87409141
87409334
87409562
87409982
87410812
87411050
87411253
87411471
87462136
87462554
87463685
87463690
87464463
87464554
87613622
87613850
87615541
87615759
87736564
87736773
87737615
87737653
87739141
87739146
87843058
87844970
87845391
87845530
87846149
87846154
87950291
87950654
87950795
87950837
87951030
87951258
87951849
87951981
87952023
87952122
87952325
87952508
87952746
87952949
87953167
96530635
96584139
96584181
96584374
96584602
96585022
96585852
96586090
96586293
96586511
96596421
96597045
96597263
96598533
96598538
96645353
96645829
96646250
96646671
96702712
96703130
96704261
96704266
96705039
96705130
96798202
96798615
96799477
96799691
96800109
96800318
96809683
96810046
96810229
96810443
96810650
96811241
96811717
96812138
96812559
97022163
97023130
97024197
97025039
97083634
97085546
97085967
97086106
97086725
97086730
97136881
97137717
97137935
97138117
97140229
97140234
97190867
97191230
97191371
97191413
97191606
97191834
97192425
97192557
97192599
97192698
97192901
97193084
97193322
97193525
97193743
99677445
99677450
99729652
99729861
99730703
99730741
99732229
99732234
99784808
99785221
99785226
99889393
99890229
99890447
99890629
99892741
99892746
99943379
99943742
99943883
99943925
99944118
99944346
99944937
99945069
99945111
99945210
99945413
99945596
99945834
99946037
99946255
100164242
100166149
100166154
100270577
100270834
100271348
100271375
100271413
100271557
100272376
100272655
100272746
100272794
100273925
100273930
112255158
112255386
112257077
112257295
112378100
112378309
112379151
112379189
112380677
112380682
112484594
112486506
112486927
112487066
112487685
112487690
112591827
112592190
112592331
112592373
112592566
112592794
112593385
112593517
112593559
112593658
112593861
112594044
112594282
112594485
112594703
126939290
126941199
127002885
127002890
127045880
127046298
127047429
127047434
127048207
127048298
127072773
127072778
127124532
127124741
127124746
127171589
127171594
127230610
127232517
127232522
127283649
127284485
127284490
127336945
127337202
127337716
127337743
127337781
127337925
127338744
127339023
127339114
127339162
127340293
127340298
127428759
127534035
127534398
127534539
127534581
127534774
127535002
127535593
127535725
127535767
127535866
127536069
127536252
127536490
127536693
127536911
127557874
127559786
127560207
127560346
127560965
127560970
141071093
141071307
141071725
141071934
149983721
149983895
149983994
149984197
149984380
149984618
149984821
149985039
149985901
150472186
150472599
150473461
150473675
150474093
150474302
165720297
165720773
165721194
165721615
165777656
165778074
165779205
165779210
165779983
165780074
166211825
166212661
166212879
166213061
166215173
166215178
166265811
166266174
166266315
166266357
166266550
166266778
166267369
166267501
166267543
166267642
166267845
166268028
166268266
166268469
166268687
168022381
168022590
168113402
168113815
168114891
168115309
168149498
168149911
168151405
168151614
168161525
168161739
168161946
168162366
168163434
168163855
168211147
168211565
168268265
168268439
168268538
168268741
168268924
168269162
168269365
168269583
168270445
168419735
168421438
168453527
168454389
168454603
168455230
168465141
168465355
168465773
168465982
168489210
168489413
168489623
168490037
168490255
168491117
168542667
168542709
168542902
168543130
168543550
168544380
168544618
168544821
168545039
168588439
168589515
168649171
168649910
168650138
168650861
168651002
168651205
168651415
168651829
168652047
168702675
168703038
168703221
168703435
168703642
168704233
168704709
168705130
168705551
168756730
168757143
168758005
168758219
168758637
168758846
174125165
174182524
174182762
174182965
174183183
174371049
174371525
174371946
174372367
174428408
174428826
174429957
174429962
174430735
174430826
174612947
174613686
174613914
174614637
174614778
174614981
174615191
174615605
174615823
174650010
174650629
174650634
174651498
174651919
174702836
174703045
174703887
174703925
174705413
174705418
174720506
174720919
174721781
174721995
174722413
174722622
174756329
174756503
174756602
174756805
174756988
174757226
174757429
174757647
174758509
174862577
174863413
174863631
174863813
174865925
174865930
174916563
174916926
174917067
174917109
174917302
174917530
174918121
174918253
174918295
174918394
174918597
174918780
174919018
174919221
174919439
177270935
177332406
177332634
177334325
177334543
177377769
177377943
177378042
177378245
177378428
177378666
177378869
177379087
177379949
177402522
177403141
177403146
177404010
177404431
177455348
177455557
177456399
177456437
177457925
177457930
177500371
177501338
177502405
177503247
177561842
177563754
177564175
177564314
177564933
177564938
177615089
177615925
177616143
177616325
177618437
177618442
177669075
177669438
177669579
177669621
177669814
177670042
177670633
177670765
177670807
177670906
177671109
177671292
177671530
177671733
177671951
177866234
177866647
177867509
177867723
177868141
177868350
177889747
177890486
177890714
177891437
177891578
177891781
177891991
177892405
177892623
183564805
183564810
183616564
183616773
183616778
183668984
183669402
183670533
183670538
183671311
183671402
183775681
183776517
183776522
183828977
183829234
183829748
183829775
183829813
183829957
183830776
183831055
183831146
183831194
183832325
183832330
184049906
184051818
184052239
184052378
184052997
184053002
184157139
184157502
184157643
184157685
184157878
184158106
184158697
184158829
184158871
184158970
184159173
184159356
184159594
184159797
184160015
197193925
197194767
197247220
197247429
197248271
197248309
197249797
197249802
197260549
197260554
197309957
197309962
197367912
197368325
197368330
197407947
197460947
197461310
197461451
197461493
197461686
197461914
197462505
197462637
197462679
197462778
197462981
197463164
197463402
197463605
197463823
197472497
197473333
197473551
197473733
197475845
197475850
197688325
197688330
197747346
197749253
197749258
197800385
197801221
197801226
197853681
197853938
197854452
197854479
197854517
197854661
197855480
197855759
197855850
197855898
197857029
197857034
208719996
208720234
208720437
208720655
208965880
208966298
208967429
208967434
208968207
208968298
209240308
209240517
209241359
209241397
209242885
209242890
209454035
209454398
209454539
209454581
209454774
209455002
209455593
209455725
209455767
209455866
209456069
209456252
209456490
209456693
209456911
224456810
224457231
224514821
224514826
224563821
224704005
224704010
224761960
224762373
224762378
224944370
224946282
224946703
224946842
224947461
224947466
224983557
224983562
225035316
225035525
225035530
225051603
225051966
225052107
225052149
225052342
225052570
225053161
225053293
225053335
225053434
225053637
225053820
225054058
225054261
225054479
225087736
225088154
225089285
225089290
225090063
225090154
225194433
225195269
225195274
225247729
225247986
225248500
225248527
225248565
225248709
225249528
225249807
225249898
225249946
225251077
225251082
238088245
238088463
238141758
238211845
238211850
238301425
238302261
238302479
238302661
238304773
238304778
238351621
238351626
238355411
238355774
238355915
238355957
238356150
238356378
238356969
238357101
238357143
238357242
238357445
238357628
238357866
238358069
238358287
238403828
238404037
238404879
238404917
238406405
238406410
238458984
238459397
238459402
238610693
238610698
238732340
238732549
238732554
238838418
238840325
238840330
238944753
238945010
238945524
238945551
238945589
238945733
238946552
238946831
238946922
238946970
238948101
238948106
251785278
251850861
251908220
251908458
251908661
251908879
251982027
251987450
251987863
251988725
251988939
251989357
251989566
251998931
251999294
251999477
251999691
251999898
252000489
252000965
252001386
252001807
252035531
252035573
252035766
252035994
252036414
252037244
252037482
252037685
252037903
252047813
252048437
252048655
252049925
252049930
252096745
252097221
252097642
252098063
252154104
252154522
252155653
252155658
252156431
252156522
252244119
252305590
252305818
252307509
252307727
252315130
252315543
252316405
252316619
252317037
252317246
252338643
252339382
252339610
252340333
252340474
252340677
252340887
252341301
252341519
252350953
252351127
252351226
252351429
252351612
252351850
252352053
252352271
252353133
252375706
252376325
252376330
252377194
252377615
252428532
252428741
252429583
252429621
252431109
252431114
252473555
252474522
252475589
252476431
252535026
252536938
252537359
252537498
252538117
252538122
252588273
252589109
252589327
252589509
252591621
252591626
252642259
252642622
252642763
252642805
252642998
252643226
252643817
252643949
252643991
252644090
252644293
252644476
252644714
252644917
252645135
284169706
284170119
284170981
284171822
299906282
299906695
299963331
299963694
299963877
299964086
299964298
299965063
299965162
299965548
299965989
310597030
310598310
311519414
311519623
311563754
311564167
311565029
311565870
311587267
311588022
311588234
311589098
311589511
311589925
311640562
311641479
311642356
311642670
311643018
311643429
316699814
316756450
316758244
317747442
317749898
317800899
317801362
317801866
317802604
317803045
317803572
317854659
317855022
317855205
317855414
317855626
317856391
317856490
317856876
317857317
331379847
331432434
331433351
331434228
331434542
331434890
331435301
331444675
331444882
331445642
331494083
331494446
331494629
331495050
331551201
331551474
331551988
331552037
331553000
331553418
338449830
338451110
338957802
338958215
338959077
338959918
339005925
339006134
339006346
339006766
339007596
339008037
339263926
339265838
339493362
339494279
339495156
339495470
339495818
339496229
350278310
350769634
350771428
351326452
351327525
351540163
351540526
351540709
351540918
351541130
351541895
351541994
351542380
351542821
351814083
351814546
351815050
351815788
351816229
351816756
354537774
354603566
354694378
354694791
354742501
354742922
354743342
354751427
354751790
354751973
354752182
354752394
354753159
354753258
354753644
354754085
354799860
354800933
354849415
354849514
354849900
354850341
354969782
354969991
355004810
355006510
355058055
355060005
355090930
355091847
355092724
355093038
355093386
355093797
355128372
355129452
355129893
355234450
355236901
355287491
355287954
355288458
355289196
355289637
355290164
355340769
355341042
355341556
355341605
355342568
355342986
367064101
367121460
367169768
367170186
367276739
367277102
367277285
367277706
367333857
367334130
367334644
367334693
367335656
367336074
367661296
367661714
367662132
379646118
379769060
379875554
379933570
379935780
379983526
380193190
380261250
380263460
380748170
380749876
380818484
380924562
381030881
381031154
381031668
381031717
381032680
381033098
381182354
381184037
394326151
394379655
394381605
394391946
394433159
394433258
394433644
394434085
394457738
394555587
394556554
394609091
394609554
394610058
394610796
394611237
394611764
394670305
394671141
394727664
394728082
394728500
394819722
394879378
394881061
394924513
394924786
394925300
394925349
394926312
394926730
394949266
417370853
417371694
417862595
417862958
417863141
417863350
417863562
417864327
417864426
417864812
417865253
444711350
444713262
444723591
444725285
444764901
444765742
444788970
444789383
444789797
444846986
444847156
444888199
444940786
444941703
444942580
444942894
444943242
444943653
444953027
444953234
444953994
445002435
445002798
445002981
445003402
445059553
445059826
445060340
445060389
445061352
445061770
445151367
445212718
445213066
445256643
445257006
445257189
445257398
445257610
445258375
445258474
445258860
445259301
445280498
445282954
445333955
445334418
445334922
445335660
445336101
445336628
450949770
451056263
451056362
451056748
451057189
451162337
451163173
451219696
451220114
451220532
451441298
451547617
451547890
451548404
451548453
451549416
451549834
476107310
476353159
476353258
476353644
476354085
476594674
476595591
476596468
476596782
476597130
476597541
476632116
476633196
476633637
476844513
476844786
476845300
476845349
476846312
476846730
505475118
505532709
505598060
505598501
505688771
505689134
505689317
505689738
505738277
505745889
505746162
505746676
505746725
505747688
505748106
505795636
505843944
505844362
505964590
505964938
506001445
506053002
506054708
506085827
506086290
506086794
506087532
506087973
506088500
506335472
506335890
506336308
552609242
552610517
552611149
552611358
567293146
567295053
567354654
567354837
567355030
567355849
567355981
567356122
567356540
567356746
567356949
584083669
584084510
584197406
584197589
584197782
584198601
584198733
584198874
584199292
584199498
584199701
605463900
605465180
607306108
607306526
607397338
607398613
607399245
607399454
607445461
607445654
607446302
607447164
607447370
607447573
607551992
607552244
607552845
607553301
607554078
607554378
617670748
617783768
617784020
619766004
619767061
619872713
619872918
619873610
619873844
619874664
619874837
619980062
619980245
619980438
619981257
619981389
619981530
619981948
619982154
619982357
621928734
621974140
621974349
621998410
621998622
622051661
622052117
622081242
622083149
622129365
622130206
622131274
622142750
622142933
622143126
622143945
622144077
622144218
622144636
622144842
622145045
622190836
622191893
622245397
622245992
622297545
622297750
622298442
622298676
622299496
622299669
622389278
622494200
622494452
622495053
622495509
622496286
622496586
622518934
622519348
622520853
622617750
622618701
622618842
622619669
622731729
622731986
622732532
622732565
622733560
622733898
634450965
634512436
634663966
634664149
634665161
634666058
634724817
634725074
634725620
634725653
634726648
634726986
634937554
634939466
635052272
635053108
635054184
647030814
647135736
647135988
647136589
647137045
647137822
647138122
647160470
647160884
647162389
647259286
647260237
647260378
647261205
647373265
647373522
647374068
647374101
647375096
647375434
675915100
675916380
677483132
677483341
677914074
677915349
677915981
677916190
677949897
677950170
677950588
677950794
677950997
677952077
678003192
678003444
678004045
678004501
678005278
678005578
684766300
684827096
684827348
686862584
686864970
686916041
686916246
686916938
686917172
686917992
686918165
687351070
687351253
687351446
687352265
687352397
687352538
687352956
687353162
687353365
700494925
700547576
700547828
700548429
700548885
700549662
700549962
700559817
700560714
700561512
700986398
700986581
700987593
700988490
701047249
701047506
701048052
701048085
701049080
701049418
708952444
708952862
708964685
708964885
709014093
709071390
709071690
709145677
709198328
709198580
709199181
709199637
709200414
709200714
709210569
709211466
709212264
709388501
709389342
709423322
709424149
709425229
709485620
709486922
709502238
709502421
709502614
709503433
709503565
709503706
709504124
709504330
709504533
709538040
709540426
709591497
709591702
709592394
709592628
709593448
709593621
709637150
709637333
709638345
709639242
709698001
709698258
709698804
709698837
709699832
709700170
718338122
718452840
718549201
718550037
718610672
718611508
718612584
718824598
718825549
718825690
718826517
718938577
718938834
718939380
718939413
718940408
718940746
743501916
743670620
743747800
743810580
743811400
744022228
744138260
744139080
744238172
745652554
745652788
745705832
745706005
745846888
746120244
746332625
746332882
746333428
746333461
746334456
746334794
759230541
759284045
759284501
759296330
759345738
759402856
759403029
759476425
759477322
759529929
759530134
759530826
759531060
759531880
759532053
759719062
759720013
759720154
759720981
759756874
759833041
759833298
759833844
759833877
759834872
759835210
759871592
759967953
759968789
760029424
760030260
760031336
772861982
772923669
772968990
772969290
772993557
773046602
773046836
773075998
773076181
773077193
773078090
773125141
773136849
773137106
773137652
773137685
773138680
773139018
773186612
773382294
773384213
773489097
773489302
773489994
773490228
773491048
773491221
773611730
773613642
773726448
773727284
773728360
819014356
819014988
820057990
820058852
821048590
821048773
821048982
821050058
821050476
821050885
821101522
821102026
821102068
821103080
821103212
821103254
821103557
821104180
821104398
834733974
834734836
834735050
834735468
834745042
834745588
834745802
834746600
834747077
834747918
851528164
851528582
851539334
851541028
851588742
851645378
851645924
851647110
851648036
852522134
852523210
852524037
852582866
852584965
852636097
852636370
852636916
852636933
852637928
852689392
852690190
852690228
852690373
852691470
852692741
872911812
873132484
873294276
873347780
873656652
873789516
873802452
873803084
873849300
873851412
873902536
873902804
873956684
873957140
874152916
874154828
874177812
874277076
874390996
874392008
874392140
874393108
874836614
874846086
874846948
874893796
874895908
874943204
875098502
875186660
875187078
875222308
875327938
875329764
875382150
875384100
875434946
875435492
875436678
875437604
875622670
875746053
875836686
875836869
875837078
875838154
875838572
875838981
875884788
875885829
875889618
875890122
875890164
875891176
875891308
875891350
875891653
875892276
875892494
875938245
875939086
875939124
875940613
875991702
875992628
875993605
876144901
876265930
876266757
876268084
876374124
876374533
876375092
876478960
876479758
876479796
876479941
876481038
876482309
885125572
885127684
885174980
885233412
885340868
885553348
885615876
885667268
885669380
885722052
886108372
886170900
886224404
886276552
886278676
886324300
886384084
886385096
886385228
886386196
886597708
886598676
886710736
886711572
887156964
887215396
887263878
887264804
887371398
887428034
887428580
887429766
887430692
887651364
887701954
887704100
887755232
887756068
888206388
888259845
888418753
888419026
888419572
888419589
888420584
888472048
888472846
888472884
888473029
888474126
888475397
888799681
888800517
888801797
889385068
889442868
889443086
889516234
889522070
889522932
889523146
889523564
889533138
889533684
889533898
889534696
889535173
889536014
889569738
889569780
889571892
889572110
889582021
889582644
889582862
889584133
889630952
889631429
889632270
889689861
889690638
889778326
889841716
889841934
889849750
889850612
889850826
889851244
889872850
889874540
889874885
889875094
889875508
889875726
889885160
889885334
889885637
889886260
889886478
889887340
889910533
889911822
889962949
889963790
889963828
889965317
890007762
890009797
890010638
890071566
890072325
890122480
890123316
890123534
890123717
890125829
890176466
890176970
890177012
890178024
890178156
890178198
890178501
890179124
890179342
901836997
901837838
901890501
901891342
901891380
901892869
901903621
901953029
902011397
902051018
902104018
902104522
902104564
902105576
902105708
902105750
902106053
902106676
902106894
902115568
902116404
902116622
902116805
902118917
902331397
902392325
902443457
902444293
902496752
902497550
902497588
902497733
902498830
902500101
914485638
914487332
914526948
914551430
914551844
914650246
914703750
914705700
914715074
914764482
914765028
914821600
914822436
914913414
915018690
915019236
915020422
915021348
915096002
915098148
915468438
915470341
915575446
915576372
915577349
915697874
915812592
915813428
915866049
915866885
915868165
915957774
916062704
916063502
916063540
916063685
916064782
916066053
916089349
952206292
952208204
952218956
952219156
952646732
952706516
952707528
952707660
952708628
954249930
954250348
954250757
954307048
954309125
954741185
954741458
954742004
954742021
954743016
954794480
954795278
954795316
954795461
954796558
954797829
985723082
985723909
985776586
985777413
985778740
985837800
985936910
985937093
985989616
985990414
985990452
985990597
985991694
985992965
986001857
986002693
986214610
986329328
986330164
986382785
986383621
986384901
1010954572
1010954772
1011003980
1011135564
1011189068
1011189524
1011200456
1011378388
1011414036
1011415116
1011492308
1011493320
1011493452
1011494420
1011581384
1011583508
1011627220
1011628232
1011687888
1011688724
1012985964
1012986373
1013092878
1013231848
1013475436
1013475845
1013476404
1013580272
1013581070
1013581108
1013581253
1013582350
1013583621
1013619205
1013723376
1013724212
1013776833
1013777669
1013778949
1040314420
1040314638
1040355948
1040380430
1040438021
1040463050
1040511173
1040512014
1040516050
1040516554
1040516596
1040517608
1040517740
1040517782
1040518085
1040518708
1040518926
1040527600
1040528436
1040528654
1040528837
1040530949
1040564677
1040565518
1040565556
1040567045
1040577797
1040627205
1040685573
1040738454
1040775182
1040836869
1040843730
1040844234
1040844276
1040845288
1040845420
1040845462
1040845765
1040846388
1040846606
1040869902
1040870661
1040881413
1040882190
1040906757
1040958725
1041005573
1041066501
1041117633
1041118469
1041170928
1041171726
1041171764
1041171909
1041173006
1041174277
1089488314
1089489589
1089489803
1089490221
1099126185
1099127465
1102084265
1102205617
1102206136
1103185338
1103186613
1103186827
1103187245
1103196819
1103197365
1103197579
1103198441
1103198853
1103199274
1103246569
1103246987
1103303409
1103303928
1103303981
1103304581
1103305355
1103306282
1106276593
1106277765
1106330515
1106331019
1106331061
1106332137
1106332205
1106332346
1106332549
1106332732
1106332970
1106383507
1106383809
1106383932
1106384170
1106385541
1106386024
1118857397
1118857611
1118978963
1118979467
1118979509
1118980585
1118980653
1118980794
1118980997
1118981180
1118981418
1133541515
1133601171
1133602861
1133603002
1133603205
1133646577
1133647096
1133647149
1133647749
1133648523
1133649450
1133670849
1133671059
1133673093
1133724145
1133724338
1133724852
1133725061
1133725944
1133726250
1152434618
1152436525
1152664467
1152664971
1152665013
1152666089
1152666157
1152666298
1152666501
1152666684
1152666922
1166131642
1166133549
1166143669
1166143883
1166145578
1166185193
1166186029
1166209675
1166210090
1166267269
1166268520
1166308491
1166361491
1166361995
1166362037
1166363113
1166363181
1166363322
1166363525
1166363708
1166363946
1166373105
1166374277
1166423085
1166423685
1166480019
1166480321
1166480444
1166480682
1166482053
1166482536
1166571659
1166631315
1166633005
1166633146
1166633349
1166676721
1166677240
1166677293
1166677893
1166678667
1166679594
1166700993
1166701203
1166703237
1166754289
1166754482
1166754996
1166755205
1166756088
1166756394
1169224069
1169277323
1169277365
1169279036
1169279274
1169453505
1169506801
1169506994
1169507508
1169507717
1169508600
1169508906
1169711282
1169713194
1169834224
1169834433
1169836136
1210865065
1210866345
1214550761
1214551597
1214793146
1214794421
1214794635
1214795053
1214829033
1214829242
1214829445
1214829628
1214829866
1214831149
1215042289
1215042808
1215042861
1215043461
1215044235
1215045162
1219547561
1219777201
1219777720
1223741688
1223744042
1223955091
1223955393
1223955516
1223955754
1223957125
1223957608
1224229779
1224230283
1224230325
1224231401
1224231469
1224231610
1224231813
1224231996
1224232234
1235284137
1235341496
1235571585
1235573800
1235621545
1235775665
1235831209
1235899265
1235901480
1239537768
1239585413
1239585896
1239691969
1239692330
1239970241
1240023537
1240023730
1240024244
1240024453
1240025336
1240025642
1243730221
1243796013
1243886825
1243887243
1243935365
1243935789
1243943665
1243944184
1243944237
1243944837
1243945611
1243946538
1243993148
1243993386
1243994216
1244041867
1244042794
1244162229
1244162443
1244197050
1244197253
1244198957
1244250507
1244250549
1244252220
1244252458
1244283795
1244284299
1244284341
1244285417
1244285485
1244285626
1244285829
1244286012
1244286250
1244319992
1244322346
1244426689
1244429354
1244479985
1244480178
1244480692
1244480901
1244481784
1244482090
1244533395
1244533697
1244533820
1244534058
1244535429
1244535912
1253111850
1253163188
1253163397
1253234792
1253392624
1253392833
1253394536
1253597587
1253599277
1253599418
1253599621
1253720561
1253720754
1253721268
1253721477
1253722360
1253722666
1266741387
1266794891
1266794933
1266796604
1266796842
1266807173
1266848395
1266849322
1266872965
1266971781
1267024369
1267024562
1267025076
1267025285
1267026168
1267026474
1267036609
1267086017
1267086378
1267232915
1267234949
1267294386
1267296298
1267339923
1267340225
1267340348
1267340586
1267341957
1267342440
1267417328
1267417537
1267419240
1278267693
1278481137
1278481656
1278481709
1278482309
1278483083
1278484010
1278530620
1278530858
1278531688
1278787979
1278788021
1278789692
1278789930
1279017457
1279017650
1279018164
1279018373
1279019256
1279019562
1294004269
1294061628
1294061866
1294127658
1294218285
1294218885
1294267434
1294275219
1294275521
1294275644
1294275882
1294277253
1294277736
1294373509
1294373992
1294492051
1294493741
1294493882
1294494085
1294530602
1294581940
1294582149
1294615025
1294615218
1294615732
1294615941
1294616824
1294617130
1294653544
1294811376
1294811585
1294813288
1357927299
1357927845
1357929130
1357929516
1373663875
1373664421
1373721057
1373721266
1373721780
1373722856
1373770465
1373770984
1387295107
1387296938
1387348402
1387350196
1387418081
1387418290
1387418804
1387419880
1400981925
1400981930
1400991922
1401034405
1401034410
1401057505
1401114864
1401115523
1401117740
1420874149
1420875820
1421103585
1421103794
1421104308
1421105384
1421361586
1421363380
1436610725
1436668084
1436840161
1436897520
1436947075
1436947500
1437155715
1437157420
1491129002
1491129388
1491342049
1491342568
1491620321
1491620530
1491621044
1491622120
1520496810
1520619752
1520833155
1520833580
1520988338
1521041795
1521043500
1521111280
1545868965
1545868970
1545916648
1546144165
1546144170
1546178740
1546408176
1546408835
1546411052
1622295992
1622297481
1624384984
1624387100
1626367381
1626368457
1626368525
1626368666
1626369084
1626369290
1626473425
1626473788
1626473929
1626474164
1626474394
1626475157
1626475256
1626475880
1626476301
1636919689
1636964024
1636964233
1636989577
1636989992
1637041041
1637041545
1637042872
1637043496
1641051285
1641052361
1641053194
1641112017
1641112210
1641112756
1641113848
1641114122
1641165521
1641166090
1641218800
1641219341
1641220621
1641220712
1641220762
1641221898
1653736952
1653737365
1653738441
1653739068
1653760465
1653761204
1653761434
1653762296
1653762709
1653763341
1687323608
1687324444
1687349576
1687349788
1687448604
1687561500
1687561876
1687562968
1687563592
1689313685
1689315388
1689315594
1689436852
1689437450
1689543121
1689543314
1689543860
1689544952
1689545226
1689649904
1689650445
1689651725
1689651816
1689651866
1689653002
1703997589
1703999498
1704059060
1704104597
1704105320
1704106506
1704227025
1704288496
1704290408
1704395410
1704396042
1704397322
1704486925
1704487066
1704592112
1704592653
1704593933
1704594024
1704594074
1704595210
1704616594
1704618506
1745220248
1745601432
1745708440
1745761944
1747251849
1747261112
1747261321
1747311144
1747513737
1747567032
1747600824
1747602313
1747636920
1747637544
1747743377
1747743928
1747796881
1747797385
1747798712
1747799336
1747851913
1747852840
1749152284
1749386200
1749387036
1749400136
1749611548
1749672408
1749672596
1749689816
1749691932
1749725912
1749726536
1749781020
1749781320
1749824728
1749886236
1749886612
1749887704
1749888328
1751183885
1751241482
1751430666
1751487125
1751487848
1751489034
1751672213
1751673289
1751673357
1751673498
1751673916
1751674122
1751707896
1751710218
1751761353
1751762186
1751763304
1751778257
1751778620
1751778761
1751778996
1751779226
1751779989
1751780088
1751780712
1751781133
1751814810
1751815946
1751816717
1751816808
1751921724
1751921930
1751923816
1751974640
1751975181
1751976461
1751976552
1751976602
1751977738
1754390936
1754460824
1754461448
1754516232
1754559640
1754622616
1754623240
1754676744
1754728344
1754949016
1756426424
1756479881
1756481832
1756551720
1756658728
1756709552
1756711464
1756762769
1756763432
1756916105
1757037457
1757037961
1757039288
1757039912
1758523608
1758587208
1758640712
1758691988
1758692680
1758737436
1758739528
1758798544
1758800456
1759013916
1759126812
1759127188
1759128280
1759128904
1760622696
1760729610
1760887442
1760888074
1760889354
1761108433
1761108626
1761109172
1761110264
1761110538
1761215216
1761215757
1761217037
1761217128
1761217178
1761218314
1770111416
1770123657
1770125352
1770189449
1770189864
1770288265
1770341265
1770341769
1770343096
1770343720
1770459793
1770460456
1770551433
1770611089
1770612920
1770658441
1770659368
1770680977
1770734256
1770736168
1774252233
1774253066
1774305737
1774306570
1774307688
1774466061
1774519024
1774519565
1774520845
1774520936
1774520986
1774522122
1774531850
1774743761
1774805232
1774807144
1774912146
1774912778
1774914058
1778511932
1778635112
1778635533
1778708681
1778714104
1778714517
1778715593
1778716220
1778725585
1778725948
1778726345
1778726554
1778728040
1778728461
1778762185
1778762420
1778762650
1778763068
1778764136
1778764557
1778775309
1778776586
1778824296
1778824717
1778881178
1778882314
1778883085
1778883176
1778970773
1779032244
1779032474
1779034381
1779041784
1779042197
1779043273
1779043900
1779065297
1779066036
1779066266
1779067128
1779067541
1779068173
1779077781
1779077880
1779078504
1779078925
1779102362
1779102986
1779103848
1779104269
1779156237
1779157770
1779200209
1779201178
1779203085
1779261680
1779263592
1779264013
1779264154
1779264778
1779315981
1779318282
1779368913
1779369276
1779369417
1779369652
1779369882
1779370645
1779370744
1779371368
1779371789
1787883674
1787885581
1787947274
1787990682
1787991818
1787992589
1787992680
1788017162
1788069130
1788115978
1788174994
1788176906
1788228874
1788281584
1788282125
1788283405
1788283496
1788283546
1788284682
1788373141
1788478417
1788478780
1788478921
1788479156
1788479386
1788480149
1788480248
1788480872
1788481293
1788502256
1788504168
1788504589
1788504730
1788505354
1813111068
1813180744
1813180956
1813263576
1813312540
1813313608
1813325084
1813325460
1813326552
1813327176
1813480084
1813480776
1813571612
1813678620
1813678920
1813701268
1813800084
1813801176
1813914320
1813916232
1815146556
1815146762
1815200013
1815360572
1815360778
1815362664
1815413488
1815414029
1815415309
1815415400
1815415450
1815416586
1815463178
1815666868
1815896304
1815898216
1816003218
1816003850
1816005130
1828831548
1828843789
1828909160
1828909581
1828967178
1828992201
1829041165
1829045201
1829045564
1829045705
1829045940
1829046170
1829046933
1829047032
1829047656
1829048077
1829057805
1829060106
1829094669
1829096202
1829106954
1829156362
1829214730
1829267605
1829302426
1829304333
1829366026
1829372881
1829373244
1829373385
1829373620
1829373850
1829374613
1829374712
1829375336
1829375757
1829396720
1829398632
1829399053
1829399194
1829399818
1829409434
1829410570
1829411341
1829411432
1829435914
1829487882
1829534730
1829593746
1829595658
1829647626
1829700336
1829700877
1829702157
1829702248
1829702298
1829703434
1888646536
1888701320
1890666920
1890734977
1890736808
1891728004
1891833732
1892711436
1892771220
1892772296
1892772364
1892824332
1892824724
1892825800
1892877264
1892877768
1892878996
1892880140
1893815170
1893815716
1893865124
1894805953
1894806162
1894806708
1894807784
1894859248
1894860165
1894912752
1894914698
1904310440
1904374952
1904431792
1908438154
1908491154
1908491658
1908491700
1908492776
1908492844
1908493189
1908502768
1908503941
1908552748
1908553349
1908609682
1908609985
1908611717
1921087652
1921152164
1921208800
1922070661
1922132012
1922132362
1922175937
1922176300
1922176692
1922176906
1922177669
1922177768
1922199792
1922202250
1922253249
1922253714
1922254218
1954796420
1954892676
1954903428
1954952836
1955009472
1955011204
1955162500
1955207044
1955230144
1955232388
1955284356
1955657740
1955717524
1955764748
1955787412
1955886228
1955887304
1955946960
1956000464
1956054284
1956055564
1956145300
1956250576
1956251080
1956252308
1956253452
1956276748
1956762020
1956827812
1956934274
1956934820
1956991456
1957040864
1957196162
1957197988
1957753012
1957806469
1957982448
1958035905
1958089362
1958242348
1971384458
1971437962
1971438004
1971450245
1971491466
1971516037
1971614853
1971667440
1971668357
1971679681
1971729089
1971875986
1971878021
1971982994
1971983297
1971985029
1972060609
2021905288
2022001544
2022011536
2022012296
2022061704
2022120072
2022271368
2022315912
2022341256
2022392720
2022393224
2023870888
2023936680
2024043137
2024043688
2024305025
2024306856
2024358320
2024428208
2025911308
2025964812
2025976264
2026025672
2026124488
2026177488
2026177992
2026179220
2026180364
2026190092
2026402964
2026404040
2026463696
2026517200
2026571020
2026572300
2028007656
2028114570
2028221484
2028499184
2028552641
2028606098
2055270533
2055324037
2055336330
2055377541
2055377640
2055402122
2055499969
2055500938
2055553473
2055553938
2055554442
2055672466
2055764106
2055823762
2055869168
2055871114
2055893650
2080625420
2080698568
2080704404
2080705480
2080715472
2080716232
2080718348
2080752072
2080754444
2080765196
2080814604
2080872972
2080960660
2081024268
2081032084
2081033160
2081055184
2081057428
2081058060
2081067668
2081068812
2081094156
2081146124
2081190096
2081192972
2081253900
2081305868
2081358800
2081359304
2081360532
2081361676
2082591020
2082656812
2082747073
2082747624
2082796588
2082804370
2082805036
2083021202
2083023028
2083059756
2083144129
2083146284
2163246458
2163246871
2163247733
2163247947
2169087315
2169088595
2171646547
2172167282
2172168305
2176943482
2176943895
2176944757
2176944971
2176955091
2176955509
2176955723
2176955930
2176956521
2176956997
2177381587
2177383499
2177443058
2177443095
2177444081
2177444427
2177445189
2177445402
2180034801
2180035909
2180088787
2180089163
2180089205
2180089398
2180089626
2180090217
2180090391
2180090490
2180090693
2180523062
2180523290
2180523666
2180524137
2180524481
2180524613
2182522195
2182523475
2188435795
2188682354
2188683377
2190640506
2190640919
2190641781
2190641995
2190664147
2190664758
2190664986
2190665850
2190666053
2190666263
2190764243
2190765079
2190877938
2190877975
2190878961
2190879307
2190880069
2190880282
2196824306
2196826650
2196931539
2196931915
2196931957
2196932150
2196932378
2196932969
2196933143
2196933242
2196933445
2197038134
2197038362
2197038738
2197039209
2197039553
2197039685
2203119699
2203181170
2203234417
2203288403
2203428370
2203429185
2203756050
2203756865
2203855955
2211570322
2211623361
2211676657
2211676914
2211677300
2211677509
2211678328
2211678746
2211722266
2211723457
2211996818
2211997765
2221982074
2221982487
2222228435
2222228811
2222228853
2222229046
2222229274
2222229865
2222230039
2222230138
2222230341
2235679098
2235679511
2235691125
2235691339
2235691546
2235740747
2235797865
2235798039
2235798138
2235798341
2235872331
2235925459
2235925835
2235925877
2235926070
2235926298
2235926889
2235927063
2235927162
2235927365
2235937009
2235938117
2236115155
2236115991
2236150810
2236151883
2236211858
2236213573
2236228850
2236228887
2236229873
2236230219
2236230981
2236231194
2236264897
2236266601
2236267077
2236318193
2236318450
2236318836
2236319045
2236319864
2236320282
2236363799
2236365893
2236425270
2236425498
2236425874
2236426345
2236426689
2236426821
2238771525
2238824779
2238824821
2238825014
2238825242
2238877816
2238878234
2239017409
2239070705
2239070962
2239071348
2239071557
2239072376
2239072794
2239398128
2239398337
2239398546
2251350295
2251473227
2251473269
2251473462
2251473690
2251564274
2251564311
2251565297
2251565643
2251566405
2251566618
2251612818
2251613238
2251613466
2251719153
2251719410
2251719796
2251720005
2251720824
2251721242
2266034199
2266095670
2266095898
2266141033
2266141207
2266141306
2266141509
2266165786
2266218612
2266218821
2266248215
2266250309
2266297370
2266309686
2266309914
2266310290
2266310761
2266311105
2266311237
2266464496
2266464705
2266464914
2266556442
2266661361
2266661618
2266662004
2266662213
2266663032
2266663450
2266686098
2266784914
2266785861
2289078901
2289079115
2289599443
2289599819
2289599861
2289600054
2289600282
2289600873
2289601047
2289601146
2289601349
2304815691
2304872809
2304872983
2304873082
2304873285
2305303794
2305303831
2305304817
2305305163
2305305925
2305306138
2305339841
2305341545
2305342021
2305393137
2305393394
2305393780
2305393989
2305394808
2305395226
2316427543
2316472949
2316473163
2316497018
2316497221
2316497431
2316550475
2316550517
2316550710
2316550938
2316580051
2316581963
2316629015
2316630085
2316641522
2316641559
2316642545
2316642891
2316643653
2316643866
2316690066
2316690486
2316690714
2316743105
2316744218
2316796401
2316796658
2316797044
2316797253
2316798072
2316798490
2316888087
2316993491
2316993867
2316993909
2316994102
2316994330
2316994921
2316995095
2316995194
2316995397
2317017330
2317019674
2317117515
2317118490
2317231158
2317231386
2317231762
2317232233
2317232577
2317232709
2322657818
2322710644
2322710853
2322764137
2322764311
2322764410
2322764613
2322956528
2322956737
2322956946
2323178130
2323284465
2323284722
2323285108
2323285317
2323286136
2323286554
2336288843
2336342347
2336342389
2336342582
2336342810
2336354629
2336403561
2336404037
2336460920
2336461338
2336535621
2336588273
2336588530
2336588916
2336589125
2336589944
2336590362
2336600513
2336778315
2336779290
2336815173
2336891958
2336892186
2336892562
2336893033
2336893377
2336893509
2336981232
2336981441
2336981650
2337027098
2337028289
2423817586
2423819075
2431129058
2431131174
2431685571
2431685989
2431686198
2431686410
2431687175
2431687274
2432173366
2432173507
2432173970
2432174561
2432174693
2432174834
2432175220
2432175466
2432175879
2439091011
2439523442
2439523651
2439558674
2439559747
2439611715
2439612178
2439612769
2439613042
2447422147
2447422565
2447422986
2447479265
2447479538
2447479924
2447480936
2447481354
2447914250
2447915233
2447967495
2447968496
2447968775
2447968874
2447968914
2447970058
2449864802
2449970530
2450245986
2450406498
2450714947
2450768242
2450847811
2450861170
2450861379
2450909714
2450961522
2450962529
2451014979
2451015442
2451016033
2451016306
2451211634
2451213123
2451236114
2451236978
2451450435
2451451410
2455884130
2456073314
2456131330
2456132194
2456352002
2456352866
2456406786
2456458594
2456567298
2456620386
2456875122
2456928579
2456929042
2456982339
2457122322
2457176176
2457176594
2457397778
2457503043
2457503506
2457504097
2457504370
2457609490
2457610337
2457991206
2458055718
2458112482
2458114148
2458208738
2458209574
2458221186
2458268898
2458326310
2458326914
2458327778
2458328164
2458523106
2458525222
2458547586
2458548450
2458602022
2458602370
2458974215
2459035914
2459079619
2459080037
2459080246
2459080458
2459081223
2459081322
2459103474
2459105802
2459156931
2459157394
2459157770
2459204618
2459264402
2459265125
2459265546
2459317302
2459317514
2459317906
2459370759
2459371760
2459372039
2459372138
2459372178
2459373322
2459567414
2459567555
2459568018
2459568609
2459568741
2459568882
2459569268
2459569514
2459569927
2459592810
2459593223
2459593362
2459593994
2464215266
2464273282
2464323110
2464429094
2464429698
2464487648
2464488066
2464709250
2464761218
2464761956
2464814374
2464814978
2464815842
2464816228
2465264274
2465370593
2465370866
2465371252
2465372264
2465372682
2465531146
2465532008
2465532426
2465753610
2465858823
2465859824
2465860103
2465860202
2465860242
2465861386
2470560114
2470572355
2470572562
2470621763
2470678881
2470679154
2470753347
2470806851
2470807314
2470807905
2470808178
2471031826
2471032899
2471111235
2471112210
2471147617
2471200880
2471201298
2471306514
2471307361
2478895299
2478896138
2478948803
2478949266
2478949642
2479010017
2479067376
2479067794
2479109127
2479162631
2479163632
2479163911
2479164010
2479164050
2479165194
2479174922
2479555850
2479556712
2479557130
2489620006
2489862626
2489863462
2489897858
2489899558
2490111270
2490111874
2490112738
2490113124
2490421605
2490421814
2490422026
2490667489
2490667762
2490668148
2490669160
2490669578
2490942730
2490943604
2491155719
2491156720
2491156999
2491157098
2491157138
2491158282
2506158181
2506158602
2506215540
2506265095
2506265194
2506404065
2506461424
2506461842
2506646930
2506647653
2506648074
2506753287
2506754288
2506754567
2506754666
2506754706
2506755850
2506791016
2506791434
2506949898
2506950760
2506951178
2518798630
2518864422
2518955234
2519003778
2519004198
2519012646
2519013250
2519014114
2519014500
2519110370
2519110756
2519265666
2519267366
2519353894
2519354242
2519390308
2519549314
2519550052
2519603424
2519603842
2519789622
2519789834
2519843079
2519912564
2520003638
2520003850
2520004242
2520057095
2520058096
2520058375
2520058474
2520058514
2520059658
2520106250
2520158448
2520158866
2520646922
2520647784
2520648202
2533474614
2533486855
2533528165
2533552234
2533552647
2533610250
2533635267
2533684231
2533688630
2533688771
2533689234
2533689825
2533689957
2533690098
2533690484
2533690730
2533691143
2533700871
2533703178
2533737735
2533739274
2533750026
2533799434
2533857384
2533857802
2533945490
2533947399
2534009098
2534016310
2534016451
2534016914
2534017505
2534017637
2534017778
2534018164
2534018410
2534018823
2534041706
2534042119
2534042258
2534042890
2534052080
2534052498
2534053642
2534054407
2534054506
2534078986
2534130954
2534177802
2534238730
2534290698
2534343943
2534344944
2534345223
2534345322
2534345362
2534346506
2556954098
2556955587
2556956005
2556956214
2556989921
2556990194
2556990580
2556990826
2556991239
2556992101
2583818294
2583883877
2583941236
2583941482
2583941895
2584015043
2584020466
2584021955
2584022373
2584022582
2584032310
2584032707
2584032914
2584033505
2584034410
2584034823
2584068547
2584069010
2584069430
2584070260
2584070506
2584070919
2584081671
2584082954
2584129761
2584130666
2584131079
2584187120
2584187538
2584188682
2584189447
2584189546
2584338834
2584340743
2584348146
2584349635
2584350053
2584350262
2584372626
2584373349
2584373490
2584374535
2584383969
2584384242
2584384628
2584384874
2584385287
2584386149
2584408722
2584409354
2584410218
2584410631
2584462599
2584464138
2584507538
2584509447
2584569962
2584570375
2584570514
2584571146
2584622343
2584624650
2584675638
2584675779
2584676242
2584676833
2584676965
2584677106
2584677492
2584677738
2584678151
2590044266
2590044679
2590102282
2590151269
2590291466
2590349416
2590349834
2590533738
2590534151
2590534290
2590534922
2590571018
2590622986
2590639414
2590639555
2590640018
2590640609
2590640741
2590640882
2590641268
2590641514
2590641927
2590675184
2590675602
2590676746
2590677511
2590677610
2590782730
2590835975
2590836976
2590837255
2590837354
2590837394
2590838538
2700125525
2700125718
2700126537
2700126810
2714809429
2714810441
2714870225
2714870482
2714870900
2714871928
2715296978
2715298001
2731598870
2731599962
2731712977
2731713234
2731713652
2731714680
2731812050
2731813073
2758861141
2758861334
2758967672
2758967924
2759107025
2759107282
2759107700
2759108728
2773545045
2773606516
2773713225
2773713430
2773790929
2773852400
2774279190
2774280265
2786231125
2786231130
2786254964
2786339925
2786339930
2786386130
2786500848
2786502166
2786502985
2825957705
2825957978
2826011000
2826011252
2826478033
2826478290
2826478708
2826479736
2839642965
2839642970
2839654520
2840079445
2840079450
2840113361
2840174832
2840176150
2840176969
2857431130
2857545848
2857599305
2857599510
2857951442
2858066160
2858165270
2858166345
2959652162
2959706946
2960229202
2960697665
2960697938
2965486148
2965974340
2966529364
2966530376
2966957140
2967516678
2967573442
2967573860
2967575046
2968007942
2968009410
2968009828
2968061378
2968062432
2968062564
2968063750
2968564161
2968564434
2968564852
2968565864
2968617456
2968618309
2969053424
2969053770
2973872722
2974331986
2974394480
2982196298
2982249426
2982249802
2982249844
2982250856
2982251030
2982251333
2982260976
2982262085
2982687766
2982689861
2982750312
2982750657
2982750789
2990773058
2990902082
2990912834
2990913632
2991188290
2991205698
2991241794
2991293762
2991294816
2991340610
2991401538
2991710546
2991763777
2991764050
2991817072
2991895634
2991896641
2992171090
2992285808
2998989830
2999043334
2999054786
2999104194
2999104612
2999161312
2999203010
2999256514
2999257568
2999257700
2999258886
2999268614
2999482562
2999597280
2999649542
2999650822
3000037586
3000152304
3000205761
3000251414
3000526922
3000641640
3024327492
3024456516
3024467268
3024742724
3024760132
3024794048
3024796228
3024848196
3024895044
3024955840
3024955972
3025264980
3025318216
3025318484
3025450068
3025451080
3025510864
3025725524
3025938640
3026252294
3026309476
3026358884
3026498242
3026498660
3026555360
3026741766
3026778212
3026847170
3026848224
3026848356
3026849542
3026885126
3026991328
3027043590
3027044870
3027300468
3027353925
3027407382
3027546352
3027599809
3028035688
3040931914
3040985418
3040985460
3040997701
3041046632
3041047109
3041178693
3041231344
3041232197
3041243585
3041421386
3041458245
3041536104
3041536449
3041536581
3041624513
3041671361
3053645924
3053703942
3053777090
3053784002
3053784420
3053794754
3053795552
3053796870
3053830594
3053832966
3053843718
3053891808
3053893126
3053951494
3054102790
3054111682
3054112100
3054135396
3054136582
3054146016
3054147334
3054148196
3054172678
3054224646
3054271494
3054332422
3054384390
3054437826
3054438880
3054439012
3054440198
3054625046
3054670184
3054670452
3054694934
3054777554
3054778561
3054826518
3054839062
3054839912
3055085590
3055190465
3055192598
3091313236
3091772500
3091833296
3093344837
3093402134
3093402442
3093832982
3093834177
3093834309
3093834450
3093834868
3093835082
3093868784
3093871178
3093922241
3093923146
3093924200
3124817989
3124871493
3124883786
3124933194
3124990312
3125063873
3125064778
3125117377
3125118282
3125119336
3125307461
3125307602
3125344330
3125422320
3125422666
3125459048
3125618792
3228862227
3228863089
3233041073
3233041705
3237004179
3237004555
3237004597
3237005673
3237005882
3237006085
3237217594
3237217777
3237217970
3237218921
3237218963
3237219265
3237219448
3237219893
3237220107
3238499889
3238720561
3238775345
3238882353
3241333297
3241473073
3241474561
3241527857
3241580289
3241732145
3241854257
3241855745
3241962753
3242069553
3242324499
3242431089
3242559251
3242560113
3242570865
3242572353
3242783763
3242845234
3242846321
3242863729
3242864147
3242898753
3242952049
3242952242
3242953235
3242953537
3243058451
3243060545
3245404273
3245458195
3245511187
3245511489
3245651265
3245704561
3245704754
3245705747
3245706049
3245926721
3246031984
3246032193
3246138418
3246139969
3246520361
3246584873
3246641841
3246642232
3246738097
3246738729
3246748849
3246750337
3246855465
3246856065
3247007921
3247052465
3247054377
3247076737
3247130033
3247131177
3247131521
3247131704
3249598641
3249654057
3249722241
3249829249
3249882545
3249883689
3249884033
3249884216
3249935416
3249937025
3250087977
3250088321
3250209968
3250210177
3250648075
3250701203
3250701579
3250701621
3250702697
3250702906
3250703109
3250712817
3250713861
3250763269
3250819731
3250820033
3250821637
3250914618
3250914801
3250914994
3250915945
3250915987
3250916289
3250916472
3250916917
3250917131
3250926645
3250926859
3250927041
3250929157
3251141637
3251202153
3251202497
3251202565
3251254330
3251254533
3251256001
3251307760
3251307787
3251307829
3251307969
3251309067
3251310341
3253793217
3253846513
3253846706
3253847092
3253847301
3253848184
3254007045
3254060272
3254060299
3254060341
3254060481
3254061579
3254062853
3254387764
3254387973
3254389253
3258106643
3258199153
3258199571
3258246419
3258247489
3258353009
3258353202
3258354195
3258354497
3266371987
3266373690
3266373893
3266494961
3266495154
3266495540
3266495749
3266496632
3266602162
3266603525
3266708720
3266708747
3266708789
3266708929
3266710027
3266711301
3272728851
3272774257
3272798529
3272798739
3272851825
3272852018
3272930323
3272931393
3272942867
3272944961
3272991794
3273098352
3273098561
3273189395
3273295217
3273295410
3273296403
3273296705
3273532466
3273534017
3281055891
3281057797
3281117362
3281162899
3281163201
3281164805
3281240304
3281240513
3281454132
3281454341
3281455621
3281545227
3281650928
3281650955
3281650997
3281651137
3281652235
3281653509
3281676805
3291744147
3291745009
3291745641
3291745850
3291791857
3291792050
3291792698
3291793528
3291793973
3291794187
3305238586
3305304169
3305361528
3305361973
3305362187
3305441171
3305442033
3305442665
3305442874
3305452602
3305452785
3305454273
3305455115
3305488881
3305489074
3305489722
3305490552
3305490997
3305491211
3305501121
3305501749
3305501963
3305503237
3305550529
3305551371
3305608965
3305609739
3305697427
3305758898
3305760821
3305761035
3305768851
3305769713
3305770345
3305770554
3305792690
3305793641
3305793985
3305794195
3305794613
3305794827
3305804435
3305804737
3305804920
3305805365
3305805579
3305806441
3305829637
3305830923
3305881840
3305882049
3305882891
3305882933
3305884421
3305928897
3305929739
3305990667
3305991429
3306042421
3306042635
3306042817
3306044933
3306095930
3306096113
3306096306
3306097257
3306097299
3306097601
3306097784
3306098229
3306098443
3308318773
3308318987
3308372282
3308442373
3308532789
3308533003
3308533185
3308535301
3308582149
3308586298
3308586481
3308586674
3308587625
3308587667
3308587969
3308588152
3308588597
3308588811
3308634352
3308634561
3308635403
3308635445
3308636933
3308689925
3308841221
3308962868
3308963077
3309070853
3309176048
3309176075
3309176117
3309176257
3309177355
3309178629
3358856881
3358858793
3358905217
3358905641
3359164713
3359393201
3359394345
3359394689
3359394872
3362836841
3362837050
3362837253
3363083384
3363084805
3363357169
3363357362
3363357748
3363357957
3363358840
3363570928
3363570955
3363570997
3363571137
3363572235
3363573509
3374436649
3374502441
3374641793
3374642217
3374650665
3374651265
3374699576
3374868657
3374903681
3374905385
3374956977
3374958648
3374990769
3374991913
3374992257
3374992440
3375187120
3375187329
3375240248
3375241857
3378573417
3378573829
3378630776
3378680331
3379062889
3379063233
3379063301
3379151088
3379151297
3379168496
3379168523
3379168565
3379168705
3379169803
3379171077
3379206661
3379364916
3379365125
3379366405
3392204858
3392205061
3392258315
3392258357
3392327800
3392418874
3392419077
3392420545
3392472304
3392472331
3392472373
3392472513
3392473611
3392474885
3392521268
3392521477
3392725170
3392848112
3392848321
3393061940
3393062149
3393063429
3405889850
3405901877
3405902091
3405943401
3405967883
3406025477
3406098625
3406099467
3406103866
3406104049
3406104242
3406105193
3406105235
3406105537
3406105720
3406106165
3406106379
3406115893
3406116107
3406116289
3406118405
3406151920
3406152129
3406152971
3406153013
3406154501
3406165253
3406214661
3406273029
3406325907
3406362635
3406424325
3406431546
3406431729
3406431922
3406432873
3406432915
3406433217
3406433400
3406433845
3406434059
3406457355
3406458117
3406468869
3406469643
3406494213
3406545972
3406546181
3406593029
3406653957
3406705925
3406759152
3406759179
3406759221
3406759361
3406760459
3406761733
3493124641
3493612833
3496531234
3496746530
3497054979
3497301345
3497301554
3497302531
3497575683
3497576801
3497577010
3497788722
3497790049
3497790576
3497791235
3501479329
3501481000
3501738401
3504608930
3504888482
3504888868
3505443297
3505443506
3505443892
3505444968
3505657072
3505657125
3505932528
3505932842
3508870689
3508917537
3508966945
3509176609
3509210401
3509244976
3509246497
3509353505
3509406241
3509406768
3509458209
3512791555
3512848737
3512848946
3512898145
3513037921
3513095280
3513281027
3513317473
3513370736
3513386290
3513387617
3513388144
3513388803
3513424387
3513582851
3513584131
3517043105
3517044776
3517108897
3517109288
3517215905
3517273264
3517479073
3517532336
3521179873
3521237232
3521286787
3521393701
3521451060
3521726568
3525647906
3525694754
3525695584
3525744162
3525953826
3525987618
3526023714
3526130722
3526183458
3526235426
3526237280
3526422787
3526476082
3526545761
3526545970
3526636803
3526685746
3526690098
3526691425
3526691952
3526692611
3526739203
3526792304
3526944818
3527067760
3527279875
3527281155
3533820322
3533821988
3533886114
3533886500
3533993122
3534099680
3534256290
3534379232
3534811314
3534864771
3534934256
3535148084
3535300650
3535423592
3540119602
3540185185
3540242544
3540243203
3540323681
3540323890
3540333618
3540336131
3540370738
3540371568
3540372227
3540382979
3540432387
3540490755
3540642051
3540651361
3540651570
3540674657
3540675843
3540685936
3540686595
3540687457
3540711939
3540763907
3540810755
3540871683
3540923651
3540976946
3540978273
3540978800
3540979459
3548496306
3548497972
3548508547
3548549857
3548550248
3548574339
3548673155
3548726659
3548727400
3548936323
3549041716
3549043331
3559183010
3559444898
3559676128
3559969066
3560183082
3560183265
3560183474
3560184451
3560184936
3560185381
3560231152
3560232229
3560489347
3560491301
3560720488
3560720933
3560721460
3575705642
3575763237
3575828584
3575829029
3575919658
3575919841
3575968805
3575977200
3575977253
3576026164
3576195114
3576231973
3576285236
3576318056
3576318501
3576319028
3576566836
3626291873
3626553761
3626783920
3630223909
3630469763
3630470698
3630712195
3630713313
3630713381
3630713522
3630713908
3630714154
3630747888
3630750250
3630961716
3630961962
3630963816
3659591717
3659649076
3659649322
3659715114
3659805733
3659854890
3659863092
3659863338
3659865192
3659961448
3660081189
3660081330
3660118058
3660204272
3660204586
3660241000
3660400744
3761564177
3761669905
3765601105
3765740881
3765741074
3767723288
3767938584
3769690377
3769811857
3769812233
3769813560
3769918865
3769920009
3769920568
3770025272
3770025648
3770026641
3770027785
3771901460
3771902552
3772001368
3773882833
3773883026
3773883444
3773884536
3773989616
3773991450
3774096624
3774096661
3776168721
3776261649
3776308497
3776362001
3776415280
3776416273
3776612113
3776635952
3776637457
3776736273
3776849169
3780239697
3780239890
3780293201
3780346480
3780424785
3780486256
3780699154
3780700241
3784374281
3784434065
3784435768
3784481289
3784503953
3784557232
3784602769
3784664240
3784770825
3784772105
3784861841
3784967480
3784967856
3784968849
3784969993
3784993289
3788566737
3788628208
3788735122
3788780565
3788842036
3789056073
3792888145
3793021009
3793134704
3801147413
3801252817
3801253193
3801253428
3801253658
3801254421
3801254520
3801276656
3801279002
3801376841
3801377818
3801490484
3801490714
3801491090
3826442584
3826575448
3826688720
3828408602
3828531529
3828531989
3828622618
3828622801
3828622994
3828623945
3828624504
3828624917
3828670704
3828671765
3828777618
3828778548
3828779541
3843092506
3843154197
3843199514
3843224085
3843277364
3843306522
3843306705
3843355669
3843368176
3843368213
3843417140
3843612818
3843614741
3843719826
3843720756
3843721749
3843957812
3893609240
3893702168
3893748368
3893749016
3893802520
3893856792
3894052632
3894077976
3894176792
3894289688
3894290064
3895521545
3895574840
3895644728
3895735561
3895784504
3895788856
3895789232
3895790225
3895791369
3895837961
3896041873
3896043576
3896165040
3896272048
3896378633
3896379913
3897680216
3897680404
3897733720
3897865304
3898139668
3898140760
3898254032
3898352848
3899715704
3899769161
3899822618
3900236016
3900342930
3900449844
3909218360
3909341961
3909420945
3909422648
3909432376
3909434889
3909468848
3909469496
3909470985
3909481737
3909531145
3909589513
3909677201
3909738672
3909740809
3909748625
3909750328
3909772464
3909773969
3909774601
3909784209
3909785353
3909810697
3909862665
3909909513
3909970441
3910022409
3910075704
3910076080
3910077073
3910078217
3913400696
3913400884
3913412937
3913462345
3913593929
3913646738
3913647433
3913835666
3913836753
3913873481
3913950260
3913951817
3926978581
3927040052
3927040282
3927085589
3927085688
3927110170
3927192597
3927241754
3927254068
3927254298
3927254674
3927409298
3927500826
3927606000
3927607834
3927630482
3927729298
4027968016
4028073744
4028294416
4028509712
4029012512
4029338912
4029500704
4029554208
4029862657
4029955585
4030002433
4030008880
4030055728
4030057217
4030109232
4030110209
4030261505
4030383361
4030384688
4030491137
4030491696
4030596400
4030598913
4031101504
4031427904
4031482688
4031589696
4032004944
4032144720
4032473680
4032572496
4032942850
4033132034
4033189216
4033190402
4033375490
4033411586
4033463554
4033464672
4033482080
4033517314
4033518176
4033623298
4033625184
4033677920
4033679106
4033933633
4033933842
4033986928
4034040432
4034180208
4034233665
4034455664
4034562578
4035279488
4035385216
4035605888
4035660672
4036094216
4036138760
4036164104
4036215696
4036216072
4036262920
4036322704
4036323848
4036375816
4036376208
4036430480
4036431624
4036626320
4036651664
4036652296
4037367200
4037416608
4037626272
4037696160
4038128001
4038129704
4038181296
4038251184
4038358192
4038411649
4038617264
4038740520
4039232260
4039243012
4039292420
4039349184
4039350788
4039445440
4039456192
4039458308
4039670788
4039731648
4039731716
4039783684
4039785152
4039837120
4039839492
4040225812
4040226888
4040286672
4040340176
4040438992
4040500500
4040714448
4040829512
4041273986
4041274404
4041331168
4041380576
4041487584
4041544996
4041767136
4041874050
4042322160
4042375617
4042429074
4042535988
4042589445
4042590725
4042811496
4042917130
4042918410
4043559472
4043688496
4043699248
4043700737
4043806465
4043958320
4043992112
4044002864
4044027137
4044080432
4044081921
4044188929
4044239920
4044242433
4044295728
4047618834
4047630448
4047737362
4047737665
4047865200
4047866386
4047866689
4047877441
4048055314
4048152897
4048168210
4048170305
4048206401
4048258369
4048303122
4048305217
4048366145
4051814696
4051824816
4051867176
4051948417
4052043184
4052044328
4052044673
4052055425
4052104232
4052104833
4052163201
4052314152
4052314497
4052358440
4052359041
4052384385
4052436353
4055954437
4056007152
4056007941
4056019393
4056068801
4056167434
4056167617
4056220938
4056220980
4056221121
4056222218
4056223493
4056233221
4056447169
4056614149
4056615429
4060336480
4060429408
4060465504
4060477954
4060525664
4060583682
4060584544
4060779872
4060804354
4060805216
4060859138
4060964960
4060966146
4061019650
4061072736
4061303617
4061327472
4061380929
4061381394
4061412417
4061473345
4061474322
4061521170
4061574674
4061628946
4061824321
4061824786
4061825648
4061850130
4061947969
4061948946
4062061842
4068591908
4068644388
4068667616
4068725634
4068821540
4068821890
4068832642
4068881444
4068882050
4068940418
4069091364
4069091714
4069135652
4069136258
4069137120
4069161602
4069213570
4069586954
4069646738
4069692144
4069693962
4069716626
4069815442
4069983498
4069984778
4070074373
4070074514
4070180101
4070181381
4070181480
4070181522
4070182666
4070205962
4093983424
4094030272
4094032388
4094079680
4094138116
4094323136
4094333888
4094358788
4094411200
4094413572
4094458048
4094520580
4094571968
4094574084
4094626752
4094858056
4094935368
4094935828
4094966856
4095013072
4095026640
4095027784
4095028756
4095075604
4095129108
4095183380
4095378760
4095379220
4095404564
4095502408
4095503380
4095616276
4096013954
4096061664
4096071136
4096072322
4096073252
4096120100
4096168578
4096169508
4096289154
4096377218
4096379172
4096411010
4096412964
4096449060
4096556068
4096608804
4096660772
4096848133
4096901386
4096901428
4096971316
4097062128
4097062149
4097111092
4097115402
4097115444
4097115585
4097116682
4097117957
4097164549
4097370164
4097705221
4097706501
4110544948
4110545162
4110586472
4110610954
4110668549
4110741697
4110742538
4110747120
4110748264
4110748306
4110748609
4110749236
4110749450
4110758964
4110759178
4110759361
4110761477
4110795201
4110796042
4110796084
4110797573
4110808325
4110857733
4110916101
4110968978
4111005706
4111067397
4111074800
4111075944
4111075986
4111076289
4111076916
4111077130
4111100426
4111101189
4111111941
4111112714
4111137285
4111189253
4111236101
4111297029
4111348997
4111402250
4111402292
4111402433
4111403530
4111404805
4161091216
4161127312
4161141256
4161245840
4161246984
4161397136
4161430928
4161467024
4161467656
4161522440
4161565840
4161628816
4161629448
4161682952
4161734544
4163122817
4163181185
4163182120
4163228968
4163277441
4163278376
4163398017
4163432624
4163486081
4163488040
4163519873
4163521200
4163521832
4163557928
4163664936
4163717672
4163769640
4165059348
4165177876
4165178184
4165306900
4165307208
4165317960
4165495828
4165529808
4165593416
4165608724
4165610192
4165610824
4165646920
4165698888
4165743636
4165745736
4165806664
4167102986
4167160168
4167209477
4167209576
4167349352
4167592176
4167592458
4167628904
4167697669
4167698949
4167699048
4167699090
4167700234
4167735818
4167894282
4167895562
4194418996
4194431237
4194496616
4194497029
4194554634
4194579649
4194628613
4194633012
4194633153
4194633618
4194634480
4194635112
4194635525
4194645253
4194647562
4194682117
4194683658
4194694410
4194743818
4194802186
4194889874
4194891781
4194953482
4194960692
4194960833
4194961298
4194962160
4194962792
4194963205
4194986088
4194986501
4194986642
4194987274
4194996882
4194998026
4194998789
4194998888
4195023370
4195075338
4195122186
4195183114
4195235082
4195288325
4195289605
4195289704
4195289746
4195290890
