15729619
15729982
15730123
15730165
15730358
15730586
15731177
15731309
15731351
15731450
15731653
15731836
15732074
15732277
15732495
29373643
29426643
29427006
29427147
29427189
29427382
29427610
29428201
29428333
29428375
29428474
29428677
29428860
29429098
29429301
29429519
29438193
29439029
29439247
29439429
29441541
29441546
32518593
32519429
32519434
32571889
32572146
32572660
32572687
32572725
32572869
32573688
32573967
32574058
32574106
32575237
32575242
43018391
43123667
43124030
43124171
43124213
43124406
43124634
43125225
43125357
43125399
43125498
43125701
43125884
43126122
43126325
43126543
43147506
43149418
43149839
43149978
43150597
43150602
49308306
49310213
49310218
49414641
49414898
49415412
49415439
49415477
49415621
49416440
49416719
49416810
49416858
49417989
49417994
64159984
64160193
64160402
64160820
64161029
64161034
64161896
64162309
64162314
70304062
70517715
70518078
70518219
70518261
70518454
70518682
70519273
70519405
70519447
70519546
70519749
70519932
70520170
70520373
70520591
70566132
70566341
70567183
70567221
70568709
70568714
82887732
82887941
82887946
83100145
83100402
83100916
83100943
83100981
83101125
83101944
83102223
83102314
83102362
83103493
83103498
84001086
84013109
84013327
84054637
84078698
84079119
84136709
84136714
84161739
84209861
84210703
84214739
84215102
84215243
84215285
84215478
84215706
84216297
84216429
84216471
84216570
84216773
84216956
84217194
84217397
84217615
84226289
84227125
84227343
84227525
84229637
84229642
84263156
84263365
84264207
84264245
84265733
84265738
84276485
84276490
84325893
84325898
84383848
84384261
84384266
84437143
84471962
84473871
84535557
84535562
84542419
84542782
84542923
84542965
84543158
84543386
84543977
84544109
84544151
84544250
84544453
84544636
84544874
84545077
84545295
84566258
84568170
84568591
84568730
84569349
84569354
84578552
84578970
84580101
84580106
84580879
84580970
84605445
84605450
84657204
84657413
84657418
84704261
84704266
84763282
84765189
84765194
84816321
84817157
84817162
84869617
84869874
84870388
84870415
84870453
84870597
84871416
84871695
84871786
84871834
84872965
84872970
87093509
87093514
87146767
87146805
87306689
87307525
87307530
87359985
87360242
87360756
87360783
87360821
87360965
87361784
87362063
87362154
87362202
87363333
87363338
87409716
87409925
87409930
87949552
87949761
87949970
87950388
87950597
87950602
87951464
87951877
87951882
96531461
96531466
96584756
96584965
96584970
96744463
96744645
96797169
96797426
96797940
96797967
96798005
96798149
96798968
96799247
96799338
96799386
96800517
96800522
96809409
96810245
96810250
97190128
97190337
97190546
97190964
97191173
97191178
97192040
97192453
97192458
99942640
99942849
99943058
99943476
99943685
99943690
99944552
99944965
99944970
112591088
112591297
112591506
112591924
112592133
112592138
112593000
112593413
112593418
127426706
127428613
127428618
127533296
127533505
127533714
127534132
127534341
127534346
127535208
127535621
127535626
140546669
141034451
141034814
141034955
141034997
141035190
141035418
141036009
141036141
141036183
141036282
141036485
141036668
141036906
141037109
141037327
141070584
141071002
141072133
141072138
141072911
141073002
149985384
149985797
149985802
150471153
150471410
150471924
150471951
150471989
150472133
150472952
150473231
150473322
150473370
150474501
150474506
166265072
166265281
166265490
166265908
166266117
166266122
166266984
166267397
166267402
167887166
167899189
167899407
167940717
167964778
167965199
168022789
168022794
168047819
168095941
168096783
168100819
168101182
168101323
168101365
168101558
168101786
168102377
168102509
168102551
168102650
168102853
168103036
168103274
168103477
168103695
168112369
168113205
168113423
168113605
168115717
168115722
168149236
168149445
168150287
168150325
168151813
168151818
168162565
168162570
168211973
168211978
168269928
168270341
168270346
168323223
168358042
168359951
168421637
168421642
168428499
168428862
168429003
168429045
168429238
168429466
168430057
168430189
168430231
168430330
168430533
168430716
168430954
168431157
168431375
168452338
168454250
168454671
168454810
168455429
168455434
168464632
168465050
168466181
168466186
168466959
168467050
168491525
168491530
168543284
168543493
168543498
168590341
168590346
168649362
168651269
168651274
168702401
168703237
168703242
168755697
168755954
168756468
168756495
168756533
168756677
168757496
168757775
168757866
168757914
168759045
168759050
174125573
174125578
174232079
174232170
174613138
174615045
174615050
174719473
174719730
174720244
174720271
174720309
174720453
174721272
174721551
174721642
174721690
174722821
174722826
174757992
174758405
174758410
174915824
174916033
174916242
174916660
174916869
174916874
174917736
174918149
174918154
177272837
177272842
177379432
177379845
177379850
177668336
177668545
177668754
177669172
177669381
177669386
177670248
177670661
177670666
177760271
177760410
177865201
177865458
177865972
177865999
177866037
177866181
177867000
177867279
177867370
177867418
177868549
177868554
177889938
177891845
177891850
184156400
184156609
184156818
184157236
184157445
184157450
184158312
184158725
184158730
197406913
197407749
197407754
197460208
197460417
197460626
197461044
197461253
197461258
197462120
197462533
197462538
209453296
209453505
209453714
209454132
209454341
209454346
209455208
209455621
209455626
224563304
224563717
224563722
225050864
225051073
225051282
225051700
225051909
225051914
225052776
225053189
225053194
238141492
238141701
238141706
238354672
238354881
238355090
238355508
238355717
238355722
238356584
238356997
238357002
251719695
251773199
251773237
251785477
251785482
251826703
251826794
251851269
251851274
251933711
251933893
251982853
251982858
251986417
251986674
251987188
251987215
251987253
251987397
251988216
251988495
251988586
251988634
251989765
251989770
251998657
251999493
251999498
252036148
252036357
252036362
252209167
252209306
252246021
252246026
252314097
252314354
252314868
252314895
252314933
252315077
252315896
252316175
252316266
252316314
252317445
252317450
252338834
252340741
252340746
252352616
252353029
252353034
252641520
252641729
252641938
252642356
252642565
252642570
252643432
252643845
252643850
283121318
284168673
284168946
284169460
284169509
284170472
284170890
299905249
299906085
299962608
299963026
299963444
310462886
310515366
310538466
310596482
310598692
311457930
311517586
311519269
311562721
311562994
311563508
311563557
311564520
311564938
311587474
316699266
316805858
316806372
317853936
317854354
317854772
337909414
337957092
338184614
338449282
338451492
338743589
338956769
338957042
338957556
338957605
338958568
338958986
339006516
339263882
339265588
350278692
350491362
350491876
351539440
351539858
351540276
354480165
354537524
354693345
354694181
354750704
354751122
354751540
354967954
354969637
379982048
379982466
379982884
380191106
380192804
417370344
417370762
417861872
417862290
417862708
444657802
444711306
444713012
444764392
444764810
445149330
445255920
445256338
445256756
550513756
552608209
552608466
552609012
552609045
552610040
552610378
567292113
567292949
567353584
567354420
567355496
584081618
584083530
584196336
584197172
584198248
605193052
605301852
605348052
605464084
605464904
607183125
607306058
607306292
607396305
607396562
607397108
607397141
607398136
607398474
607446068
617669652
617882836
617883864
619978992
619979828
619980904
621867029
621928500
621973864
621974037
622080209
622081045
622141680
622142516
622143592
675382108
675818588
675852504
675915284
675916104
677425738
677482856
677483029
677913041
677913298
677913844
677913877
677914872
677915210
677951592
684767304
685253844
685254872
687350000
687350836
687351912
708898890
708952394
708952628
709013608
709386450
709388362
709501168
709502004
709503080
743670088
743670292
744235216
744236052
744237128
817957828
817968580
817970692
818951380
818952392
819012048
819012884
819999426
819999972
820056544
820057380
821047536
821048372
821100993
821101829
821103109
834679822
834680005
834732528
834733326
834733364
834733509
834734606
834735877
834744769
834745605
851472578
851526082
851528228
851587296
851588132
872665860
872739012
872745924
872756676
872758788
872792516
872794884
872805636
872855044
872913412
873064708
873073604
873098500
873109252
873134596
873186564
873233412
873294340
873345472
873346308
873399748
873402116
873586964
873656852
873739476
873740488
873788436
873800144
873800980
874047508
874152392
874154516
874631460
874697252
874787522
874788068
874837028
874844640
874845476
875100196
875184578
875186724
875622452
875675909
875835632
875836468
875889089
875889925
875891205
885060612
885114116
885273796
885327300
885329668
885338560
885339396
885719488
885720324
885721604
886321360
886322196
887369952
887370788
889253902
889307406
889307444
889319685
889360910
889385477
889467918
889468101
889517061
889520624
889521422
889521460
889521605
889522702
889523973
889532865
889533701
889570565
889743374
889780229
889848304
889849102
889849140
889849285
889850382
889851653
889874949
889887237
890175937
890176773
890178053
902049985
902050821
902103489
902104325
902105605
952152264
952205768
952207892
952643792
952644628
1040248837
1040302341
1040355845
1040462017
1040462853
1040515521
1040516357
1040517637
1040738309
1040843201
1040844037
1040845317
1085295017
1089487345
1089487538
1089488052
1089488261
1089489144
1089489450
1098992041
1099002033
1099044521
1099125633
1099127848
1102082433
1102135729
1102137528
1103131781
1103184369
1103184562
1103185076
1103185285
1103186168
1103186474
1103196609
1103246017
1103246378
1106329840
1106330049
1106331752
1118855346
1118857258
1118978288
1118978497
1118980200
1152434356
1152434565
1152663792
1152664001
1152665704
1166078085
1166131380
1166131589
1166185093
1166185576
1166307521
1166360816
1166361025
1166362728
1210324649
1210599849
1210634424
1210864513
1210866728
1214304810
1214550661
1214551144
1214792177
1214792370
1214792884
1214793093
1214793976
1214794282
1214830696
1219549224
1220034993
1220036792
1224229104
1224229313
1224231016
1235620481
1235620904
1235828912
1235829121
1235830824
1243672618
1243795560
1243886273
1243886634
1244160178
1244162090
1244283120
1244283329
1244285032
1353732513
1353734312
1356878498
1356879012
1357926640
1369469089
1369526448
1386246306
1386369248
1400926339
1400979843
1400981548
1401033347
1401033772
1419825316
1420054752
1486934184
1487425712
1545654316
1545867907
1545868332
1546142083
1546143788
1620182936
1620208280
1620208904
1622172049
1622173880
1622295216
1622297128
1624269972
1624271064
1624384208
1624386120
1626366192
1626368104
1626473106
1626473738
1626475018
1636855953
1636917424
1636919336
1636962961
1636963624
1653630989
1653631130
1653736176
1653736717
1653737997
1653738088
1653738138
1653739274
1653760658
1653762570
1687216276
1687323284
1687323976
1687445712
1687447624
1745081096
1745160088
1745174024
1745210120
1745220872
1745270280
1745328648
1745416344
1745479944
1745487768
1745513112
1745513736
1745523352
1745524488
1745549832
1745601800
1745648648
1745707664
1745709576
1745761544
1745816216
1745817352
1747046696
1747112488
1747252264
1747260049
1747260712
1747476881
1747478712
1747515432
1747600048
1747601960
1749152072
1749201480
1749333064
1749385876
1749386568
1749574804
1749575896
1749612616
1749689040
1749690952
1751183464
1751290378
1751671024
1751672936
1751777938
1751778570
1751779850
1754331144
1754438152
1754727056
1754727688
1754728968
1754818712
1754925720
1754926856
1754948240
1754950152
1756913840
1756915752
1759011024
1759012936
1778446349
1778499853
1778512138
1778553357
1778553448
1778577930
1778660365
1778709514
1778713328
1778713869
1778715149
1778715240
1778715290
1778716426
1778726154
1778763018
1778935821
1778935962
1778972682
1779041008
1779041549
1779042829
1779042920
1779042970
1779044106
1779065490
1779067402
1779079690
1779368594
1779369226
1779370506
1788371090
1788373002
1788478098
1788478730
1788480010
1828777994
1828831498
1828885002
1828992010
1829044882
1829045514
1829046794
1829265554
1829267466
1829372562
1829373194
1829374474
1887654784
1888516232
1888575888
1888623240
1888645776
1889620384
1889686176
1890611376
1890664833
1891660932
1891714436
1891725760
1891775168
1892708560
1893757152
1893864066
1904296368
1904308609
1904374401
1908437185
1908490689
1921085826
1921127136
1921151618
1922068626
1922175634
1954607236
1954660740
1954714244
1954836672
1954890176
2021716104
2021769608
2021823112
2022207632
2022314640
2080436236
2080489740
2080543244
2080650252
2080703756
2080705036
2080925708
2081031436
2081032716
2154857299
2163245553
2163245810
2163246196
2163246405
2163247224
2163247642
2168554323
2168565873
2168990803
2169087506
2169088321
2171646273
2171699569
2171699826
2176889925
2176942577
2176942834
2176943220
2176943429
2176944248
2176944666
2176954817
2177381402
2177382593
2180088048
2180088257
2180088466
2182251347
2182275186
2182360147
2182522386
2182523201
2188435986
2188542321
2188542578
2190534682
2190639601
2190639858
2190640244
2190640453
2190641272
2190641690
2190664338
2190763154
2190764101
2196930800
2196931009
2196931218
2203287664
2203287873
2203288082
2203853842
2203854913
2221981812
2221982021
2222227696
2222227905
2222228114
2235625541
2235678836
2235679045
2235871425
2235924720
2235924929
2235925138
2236114066
2236115013
2289078392
2289078810
2289598704
2289598913
2289599122
2316365850
2316472440
2316472858
2316579866
2316581057
2316886162
2316992752
2316992961
2316993170
2422738274
2422773506
2422774370
2423296353
2423296626
2423818352
2423818770
2430636770
2430637156
2431129824
2431130242
2431684848
2431685266
2432173322
2432174184
2432174602
2439032929
2439090288
2439090706
2439521554
2439522401
2449666146
2449724162
2449804642
2449817090
2449853186
2449863938
2449913346
2449971296
2449971714
2450123010
2450132322
2450155618
2450156802
2450167554
2450168418
2450192898
2450244866
2450291714
2450352642
2450404610
2450459234
2450460418
2450645266
2450690401
2450690674
2450715154
2450846738
2450859282
2450860129
2451105810
2451212400
2451212818
2455826946
2455933538
2456316418
2456423010
2456424194
2456459360
2456459778
2456618242
2456619104
2456619522
2456981616
2456982034
2457989506
2458030818
2458031204
2458055298
2458154114
2458207618
2458208356
2458417282
2458523872
2458524290
2458972306
2459078896
2459079314
2459461642
2459567370
2459568232
2459568650
2464321760
2464322178
2489372772
2489618656
2489619074
2489861506
2489862244
2533421066
2533474570
2533527656
2533528074
2533635082
2533688586
2533689448
2533689866
2533910538
2534016266
2534017128
2534017546
2556465671
2556465770
2556953863
2556954864
2556955143
2556955242
2556955282
2556956426
2556991592
2556992010
2583752711
2583806215
2583818506
2583859719
2583859818
2583884298
2583966727
2584015882
2584020231
2584021232
2584021511
2584021610
2584021650
2584022794
2584032522
2584069386
2584242183
2584242322
2584279050
2584347911
2584348912
2584349191
2584349290
2584349330
2584350474
2584373770
2584385640
2584386058
2584675594
2584676456
2584676874
2590150760
2590151178
2590639370
2590640232
2590640650
2691735889
2691736146
2698028116
2698029144
2700124400
2706419793
2706481264
2723209298
2723324016
2756763732
2757009616
2786123798
2786230601
2786230806
2786337814
2786338889
2823860312
2824380624
2839588937
2839642441
2839642646
2840077334
2840078409
2957617472
2958139728
2958600272
2959127106
2959184224
2959616578
2959652960
2960175216
2960228673
2965419076
2965472580
2965483968
2965911744
2966466768
2966956104
2967515360
2973860208
2973872449
2974332993
2982195393
2982248897
2990600258
2990653762
2990714976
2991089730
2991204448
3024154692
3024208196
3024400576
3024454080
3024644164
3053514758
3053568262
3053621766
3053728774
3053782278
3053783558
3054004230
3054109958
3054111238
3091312968
3091736784
3091773512
3093344360
3093833832
3224636977
3224683825
3224685313
3228615025
3228615218
3228861552
3228861761
3232809393
3232811064
3233039536
3233039745
3237003504
3237003713
3237217332
3237217541
3237218821
3238129713
3238253313
3238334001
3238343729
3238346241
3238380849
3238382337
3238393089
3238442497
3238500865
3238652161
3238661681
3238685953
3238696705
3238722049
3238773808
3238774017
3238820865
3238881793
3238933761
3238987057
3238989569
3241210113
3241263409
3241424129
3241477425
3241479937
3241526320
3241526529
3242066992
3242067201
3242068481
3242312049
3242312242
3242324289
3242373697
3242505281
3242558576
3242558785
3242784833
3242861618
3242863169
3245457520
3245457729
3246506417
3246508088
3246518657
3246584449
3246683265
3246736560
3246736769
3246946433
3247051832
3247053441
3249651888
3249652097
3250647233
3250700528
3250700737
3250861061
3250914356
3250914565
3250915845
3257983026
3258105968
3258106177
3258197042
3258198593
3291529483
3291529525
3291743472
3291743499
3291743541
3291743681
3291744779
3291746053
3291792436
3291792645
3305173003
3305226507
3305226549
3305238789
3305280011
3305304581
3305387019
3305387201
3305436165
3305440496
3305440523
3305440565
3305440705
3305441803
3305443077
3305452805
3305489460
3305489669
3305662475
3305699333
3305768176
3305768203
3305768245
3305768385
3305769483
3305770757
3305794053
3305806341
3306095668
3306095877
3306097157
3308372020
3308372229
3308586036
3308586245
3308587525
3358642232
3358856248
3358857857
3359162544
3359162753
3405836293
3405889588
3405889797
3405943301
3406050309
3406103604
3406103813
3406105093
3406325765
3406431284
3406431493
3406432773
3492568096
3492860193
3493074209
3493123120
3493382192
3496006178
3496252512
3496495650
3496532064
3497054320
3500430496
3500693664
3501248688
3501738024
3504394464
3504608292
3508596769
3508654128
3508810785
3508868144
3509086241
3525373986
3525496928
3525588002
3525863458
3525986400
3540054019
3540107523
3540161027
3540268035
3540321539
3540322819
3540543491
3540649219
3540650499
3559134432
3559183396
3559446564
3559968820
3560182836
3626292264
3626518704
3626555432
3630223464
3630712936
3759580688
3761299729
3761422896
3761513745
3761562672
3763511888
3763643472
3765493872
3765600786
3767592984
3767699992
3767722640
3767821456
3769688240
3771785424
3771999252
3775983633
3776045104
3776090641
3776197649
3776259120
3792863856
3792888338
3793019922
3801145490
3801252498
3826442772
3826525392
3826574356
3828408372
3828622388
3893424152
3893531160
3893638168
3893944464
3894051472
3909152777
3909206281
3909259785
3909366793
3909420297
3909421577
3909642249
3909747977
3909749257
4026782464
4026875392
4026911488
4026922240
4026971648
4027030016
4027181312
4027215104
4027225856
4027251200
4027303168
4027350016
4027410944
4027462912
4027518720
4027703568
4027773456
4027905040
4027917584
4028164112
4028271120
4028748064
4028813856
4028953632
4028962080
4029216800
4029303328
4029739056
4029792513
4029953072
4030006529
4030007809
4030853440
4030902848
4031034432
4031087936
4031313984
4031392320
4031836240
4032884832
4032991746
4033374304
4033479938
4033481218
4035047808
4035113600
4035212416
4035265920
4035475584
4035582592
4036030608
4036137616
4036519944
4036625672
4036626952
4037079200
4039176384
4039229888
4039390212
4039443716
4039444996
4043424048
4043436289
4043502081
4043633665
4043638064
4043640577
4043650305
4043687169
4043896833
4043965744
4043968257
4043991553
4044003841
4044293377
4044294657
4047564865
4047618369
4048054337
4051759233
4051812737
4051866241
4060213506
4060254816
4060279298
4060410882
4060416608
4060417794
4060427522
4060464386
4060674050
4060744288
4060745474
4060768770
4060781058
4061070594
4061071874
4061196306
4061303314
4061410322
4068536450
4068589954
4068643458
4093767940
4093833732
4093916352
4093965316
4093969856
4093972228
4093981956
4094018820
4094228484
4094297536
4094299908
4094323204
4094335492
4094625028
4094626308
4094750740
4094857748
4094964756
4095799332
4096013348
4096288804
4110479365
4110532869
4110586373
4110693381
4110746885
4110748165
4110968837
4111074565
4111075845
4160876808
4160942600
4161074184
4161079952
4161081096
4161090824
4161127688
4161300624
4161337352
4161407632
4161408776
4161432072
4161444360
4161733896
4161735176
4162908200
4163122216
4163397672
4165005384
4165058888
4165494856
4194365450
4194418954
4194472458
4194579466
4194632970
4194634250
4194854922
4194960650
4194961930
