64054679
64055541
64055755
64056382
64107770
64108183
64109259
64109677
87355642
87356055
87357549
87462645
87462859
87463277
87463486
87736826
87737239
87738733
87738942
87844247
87845109
87845323
87845950
96596218
96596631
96598125
96703221
96703435
96703853
96704062
97084823
97085685
97085899
97086526
97137914
97138327
97139403
97139821
99676405
99676619
99676826
99677246
99678314
99678735
99729914
99730327
99731821
99732030
99783145
99783319
99783418
99783621
99783804
99784042
99784245
99784463
99785325
99890426
99890839
99891915
99892333
100164051
100164790
100165018
100165741
100165882
100166085
100166295
100166709
100166927
100271610
100272023
100272885
100273099
100273517
100273726
112378362
112378775
112380269
112380478
112485783
112486645
112486859
112487486
127000983
127002686
127046389
127046603
127047021
127047230
127070458
127070661
127070871
127071285
127071503
127072365
127123915
127123957
127124150
127124378
127124798
127125628
127125866
127126069
127126287
127169687
127170763
127230419
127231158
127231386
127232109
127232250
127232453
127232663
127233077
127233295
127283923
127284286
127284469
127284683
127284890
127285481
127285957
127286378
127286799
127337978
127338391
127339253
127339467
127339885
127340094
127559063
127559925
127560139
127560766
165778165
165778379
165778797
165779006
166212858
166213271
166214347
166214765
174428917
174429131
174429549
174429758
174649589
174649803
174650430
174703098
174703511
174705005
174705214
174863610
174864023
174865099
174865517
177402101
177402315
177402942
177455610
177456023
177457517
177457726
177563031
177563893
177564107
177564734
177616122
177616535
177617611
177618029
183562490
183562693
183562903
183563317
183563535
183564397
183615947
183615989
183616182
183616410
183616830
183617660
183617898
183618101
183618319
183669493
183669707
183670125
183670334
183775955
183776318
183776501
183776715
183776922
183777513
183777989
183778410
183778831
183830010
183830423
183831285
183831499
183831917
183832126
184051095
184051957
184052171
184052798
197247482
197247895
197249389
197249598
197259509
197259723
197259930
197260350
197261418
197261839
197309131
197309549
197366249
197366423
197366522
197366725
197366908
197367146
197367349
197367567
197368429
197473530
197473943
197475019
197475437
197686423
197687499
197747155
197747894
197748122
197748845
197748986
197749189
197749399
197749813
197750031
197800659
197801022
197801205
197801419
197801626
197802217
197802693
197803114
197803535
197854714
197855127
197855989
197856203
197856621
197856830
208966389
208966603
208967021
208967230
209240570
209240983
209242477
209242686
224514413
224514622
224703179
224703597
224760297
224760471
224760570
224760773
224760956
224761194
224761397
224761615
224762477
224945559
224946421
224946635
224947262
224981242
224981445
224981655
224982069
224982287
224983149
225034699
225034741
225034934
225035162
225035582
225036412
225036650
225036853
225037071
225088245
225088459
225088877
225089086
225194707
225195070
225195253
225195467
225195674
225196265
225196741
225197162
225197583
225248762
225249175
225250037
225250251
225250669
225250878
238211437
238211646
238302458
238302871
238303947
238304365
238350581
238350795
238351002
238351422
238352490
238352911
238404090
238404503
238405997
238406206
238457321
238457495
238457594
238457797
238457980
238458218
238458421
238458639
238459501
238608791
238610494
238731723
238731765
238731958
238732186
238732606
238733436
238733674
238733877
238734095
238838227
238838966
238839194
238839917
238840058
238840261
238840471
238840885
238841103
238945786
238946199
238947061
238947275
238947693
238947902
252047610
252048023
252049517
252154613
252154827
252155245
252155454
252375285
252375499
252376126
252428794
252429207
252430701
252430910
252536215
252537077
252537291
252537918
252589306
252589719
252590795
252591213
317748615
317749477
317750318
317801910
317802981
317802986
317803190
317803399
317803822
331445430
331446501
331446506
331446919
331447342
331552234
331552647
331553509
331554350
351326698
351327111
351328814
351815094
351816165
351816170
351816374
351816583
351817006
354800106
354800519
354802222
355127781
355127786
355127990
355128199
355128622
355234998
355235207
355236074
355236487
355288502
355289573
355289578
355289782
355289991
355290414
355341802
355342215
355343077
355343918
367063274
367063687
367120869
367121078
367121290
367121710
367122540
367122981
367170277
367171118
367334890
367335303
367336165
367337006
367554802
367555011
367555978
367556837
367557258
367557678
367608306
367609223
367610100
367610414
367610762
367611173
367662019
367662382
367662565
367662774
367662986
367663751
367663850
367664236
367664677
379934118
379935398
380261798
380263078
380694919
380696622
380748214
380750126
380817893
380818102
380818314
380818734
380819564
380820005
380924355
380925110
380925322
380926186
380926599
380927013
380977650
380978567
380979444
380979758
380980106
380980517
381031914
381032327
381033189
381034030
381184182
381184391
381305330
381306247
381307124
381307438
381307786
381308197
394391734
394393646
394457317
394458158
394514676
394514922
394515335
394515749
394516588
394517029
394610102
394611173
394611178
394611382
394611591
394612014
394621170
394622343
394623626
394624037
394671338
394671751
394728387
394728750
394728933
394729142
394729354
394730119
394730218
394730604
394731045
394881206
394881415
394925546
394925959
394926821
394927662
394949059
394949814
394950026
394950890
394951303
394951717
395002354
395003271
395004148
395004462
395004810
395005221
444846565
444846774
444847406
444848686
444953782
444954853
444954858
444955271
444955694
445060586
445060999
445061861
445062702
445281671
445282533
445283374
445334966
445336037
445336042
445336246
445336455
445336878
450949349
450950190
451006708
451006954
451007367
451007781
451008620
451009061
451163370
451163783
451220419
451220782
451220965
451221174
451221386
451222151
451222250
451222636
451223077
451441091
451441846
451442058
451442922
451443335
451443749
451494386
451495303
451496180
451496494
451496842
451497253
451548650
451549063
451549925
451550766
476631525
476631530
476631734
476631943
476632366
476845546
476845959
476846821
476847662
505737450
505737863
505746922
505747335
505748197
505749038
505795045
505795254
505795466
505795886
505796716
505797157
505844453
505845294
505999542
505999751
506053046
506054958
506086838
506087909
506087914
506088118
506088327
506088750
506122484
506123146
506123557
506124846
506228978
506229187
506230154
506231013
506231434
506231854
506282482
506283399
506284276
506284590
506284938
506285349
506336195
506336558
506336741
506336950
506337162
506337927
506338026
506338412
506338853
619766234
619768141
619768350
619873237
619873242
619873660
619874078
619874940
619875149
622191066
622192973
622193182
622244570
622244988
622245197
622246477
622298069
622298074
622298492
622298910
622299772
622299981
622518741
622518746
622519582
622520444
622520653
622732762
622734037
622734669
622734878
634450138
634452045
634511829
634512022
634512670
634513532
634513738
634513941
634564856
634565065
634565333
634565962
634566174
634567242
634618360
634618612
634619213
634619669
634620446
634620746
634725850
634727125
634727757
634727966
634939605
634940446
635053342
635053525
635053718
635054537
635054669
635054810
635055228
635055434
635055637
647160277
647160282
647161118
647161980
647162189
647374298
647375573
647376205
647376414
686863061
686863693
686863902
686916565
686916570
686916988
686917406
686918268
686918477
700560085
700560090
700560508
700560926
700561997
701048282
701049557
701050189
701050398
709210837
709210842
709211260
709211678
709212749
709485013
709485854
709486716
709487134
709538517
709539149
709539358
709592021
709592026
709592444
709592862
709593724
709593933
709699034
709700309
709700941
709701150
718336213
718337054
718397684
718397914
718398102
718398741
718399821
718400021
718451145
718451418
718451836
718452042
718452245
718453325
718504440
718504692
718505293
718505749
718506526
718506826
718550234
718552141
718611742
718611925
718612118
718612937
718613069
718613210
718613628
718613834
718614037
718939610
718940885
718941517
718941726
743810396
743811676
744138076
744139356
745599309
745599518
745652604
745653022
745706108
745706317
745845193
745845466
745845884
745846090
745846293
745847373
745898488
745898740
745899341
745899797
745900574
745900874
746119637
746119830
746120478
746121340
746121546
746121749
746226168
746226420
746227021
746227477
746228254
746228554
746333658
746334933
746335565
746335774
759296124
759296542
759403132
759403341
759530453
759530458
759530876
759531294
759532156
759532365
759542008
759543117
759543317
759544394
759754965
759755806
759816436
759816666
759816854
759817493
759818573
759818773
759834074
759835349
759835981
759836190
759869897
759870170
759870588
759870794
759870997
759872077
759923192
759923444
759924045
759924501
759925278
759925578
759968986
759970893
760030494
760030677
760030870
760031689
760031821
760031962
760032380
760032586
760032789
772993148
772993357
773046652
773047070
773124314
773126221
773137882
773139157
773139789
773139998
773186005
773186198
773186846
773187708
773187914
773188117
773239032
773239241
773239509
773240138
773240350
773241418
773292536
773292788
773293389
773293845
773294622
773294922
773489621
773489626
773490044
773490462
773491324
773491533
773513460
773514517
773515594
773515806
773613781
773614622
773727518
773727701
773727894
773728713
773728845
773728986
773729404
773729610
773729813
852584692
852584901
852585110
852585742
852637130
852638405
852639246
852690838
852691700
852691914
852692332
875885002
875887118
875938710
875940204
875992005
875992010
875992428
875992846
875993708
876265972
876266390
876267884
876268302
876373398
876374469
876374474
876374678
876375310
876480406
876481268
876481482
876481900
886171980
886224204
886225484
886277076
886278988
886713044
886713676
887214982
887649670
887650950
887704036
887704454
887756678
887757540
888205765
888205974
888206606
888207468
888207877
888259018
888259060
888261172
888261390
888312296
888312564
888313605
888314382
888419786
888421061
888421902
888473494
888474356
888474570
888474988
888693202
888695028
888695310
888696069
888800210
888800714
888800756
888801768
888801900
888801942
888802245
888802868
888803086
889582230
889583724
889688820
889689034
889689452
889909492
889909706
889963414
889964908
890070422
890071284
890071498
890123926
890125002
890125420
901890966
901892460
901902580
901902794
901904910
901952202
901952620
902009320
902009494
902009797
902010420
902010638
902011500
902117014
902118090
902118508
902329494
902330570
902390226
902391916
902392261
902392470
902392884
902393102
902443730
902444276
902444490
902445288
902445765
902446606
902498198
902499060
902499274
902499692
914608612
914716900
914717318
914823046
914823908
915043718
915044580
915098084
915098502
915532046
915575749
915575754
915576172
915576590
915577452
915599604
915600645
915601934
915653061
915653066
915653526
915653902
915653940
915655020
915655220
915655429
915699909
915700750
915760534
915761260
915761610
915761678
915762228
915762437
915813646
915813829
915814038
915815114
915815532
915815941
915866578
915867082
915867124
915868136
915868268
915868310
915868613
915869236
915869454
916064150
916065012
916065226
916065644
916087250
916088940
916089285
916089494
916089908
916090126
954307316
954307525
954308366
954309228
954742218
954743493
954744334
954795926
954796788
954797002
954797420
985776628
985777046
985778540
985778958
985788869
985789492
985789710
985790981
985838277
985839118
985895574
985895882
985896300
985896500
985896709
985897486
985991062
985991924
985992138
985992556
986002130
986002676
986002890
986003688
986004165
986005006
986216645
986217486
986277270
986277996
986278346
986278414
986278964
986279173
986330382
986330565
986330774
986331850
986332268
986332677
986383314
986383818
986383860
986384872
986385004
986385046
986385349
986385972
986386190
1011200724
1011202636
1011474900
1011528404
1011529036
1011581908
1011583820
1011690196
1011690828
1013043982
1013232325
1013233166
1013289622
1013289930
1013290348
1013290548
1013290757
1013291534
1013474710
1013475781
1013475786
1013475990
1013476622
1013510388
1013511429
1013512718
1013563845
1013563850
1013564310
1013564686
1013564724
1013565804
1013566004
1013566213
1013581718
1013582580
1013582794
1013583212
1013617128
1013617302
1013617605
1013618228
1013618446
1013619308
1013724430
1013724613
1013724822
1013725898
1013726316
1013726725
1013777362
1013777866
1013777908
1013778920
1013779052
1013779094
1013779397
1013780020
1013780238
1040437612
1040529046
1040530122
1040530540
1040565142
1040566636
1040576756
1040576970
1040579086
1040626378
1040626796
1040683496
1040683670
1040683973
1040684596
1040684814
1040685676
1040834966
1040868758
1040869620
1040869834
1040880372
1040880586
1040881004
1040904645
1040904854
1040905268
1040905486
1040906348
1040957898
1040957940
1040960052
1040960270
1041003670
1041004746
1041064402
1041066092
1041066437
1041066646
1041067060
1041067278
1041117906
1041118452
1041118666
1041119464
1041119941
1041120782
1041172374
1041173236
1041173450
1041173868
1106277562
1106279051
1106279469
1106384361
1106384565
1106384570
1106384779
1106385641
1106386477
1133671605
1133671610
1133671819
1133672681
1133673517
1133725114
1133726389
1133726603
1133727021
1166266857
1166267066
1166267693
1166268973
1166374074
1166375563
1166375981
1166480873
1166481077
1166481082
1166481291
1166482153
1166482989
1166701749
1166701754
1166701963
1166702825
1166703661
1166755258
1166756533
1166756747
1166757165
1169223866
1169225773
1169346808
1169347253
1169347467
1169347644
1169347882
1169349162
1169453715
1169454261
1169454475
1169455337
1169455749
1169456170
1169507770
1169509045
1169509259
1169509677
1169560305
1169560824
1169560877
1169561477
1169562251
1169563178
1169713333
1169713547
1169834899
1169835403
1169835445
1169836521
1169836589
1169836730
1169836933
1169837116
1169837354
1223742133
1223742347
1223742765
1223955945
1223956149
1223956154
1223956363
1223957225
1223958061
1235572137
1235573417
1235899817
1235901097
1239478923
1239479341
1239536105
1239536314
1239536517
1239536700
1239536938
1239538221
1239585513
1239586349
1239692521
1239692939
1239749361
1239749880
1239749933
1239750533
1239751307
1239752234
1239970451
1239970997
1239971211
1239972073
1239972485
1239972906
1240024506
1240025781
1240025995
1240026413
1240077041
1240077560
1240077613
1240078213
1240078987
1240079914
1243992553
1243992757
1243992762
1243992971
1243994669
1244320437
1244320651
1244321069
1244427445
1244427659
1244428521
1244428939
1244480954
1244482229
1244482443
1244482861
1244534249
1244534453
1244534458
1244534667
1244535529
1244536365
1253109941
1253110155
1253163450
1253165357
1253233129
1253233338
1253233541
1253233724
1253233962
1253235245
1253339377
1253339795
1253340346
1253340549
1253341829
1253342253
1253393299
1253393803
1253393845
1253394921
1253394989
1253395130
1253395333
1253395516
1253395754
1253446385
1253446904
1253446957
1253447557
1253448331
1253449258
1253721530
1253722805
1253723019
1253723437
1266806970
1266808877
1266872553
1266873389
1266929912
1266930357
1266930571
1266930748
1266930986
1266932266
1267025338
1267026613
1267026827
1267027245
1267036819
1267037365
1267037579
1267038441
1267038853
1267039274
1267086569
1267086987
1267143409
1267143928
1267143981
1267144581
1267145355
1267146282
1267296437
1267296651
1267340777
1267340981
1267340986
1267341195
1267342057
1267342893
1267364081
1267365253
1267366539
1267366954
1267418003
1267418507
1267418549
1267419625
1267419693
1267419834
1267420037
1267420220
1267420458
1278530025
1278530229
1278530234
1278530443
1278532141
1279018426
1279019701
1279019915
1279020333
1294266601
1294267019
1294276073
1294276277
1294276282
1294276491
1294277353
1294278189
1294323960
1294324613
1294325037
1294326314
1294373609
1294374445
1294528693
1294528907
1294582202
1294584109
1294615994
1294617269
1294617483
1294617901
1294651881
1294652090
1294652293
1294652476
1294652714
1294653997
1294758129
1294758547
1294759098
1294759301
1294760581
1294761005
1294812051
1294812555
1294812597
1294813673
1294813741
1294813882
1294814085
1294814268
1294814506
1294865137
1294865656
1294865709
1294866309
1294867083
1294868010
1373722026
1373723301
1387419050
1387420325
1401116069
1401116074
1401117349
1401117354
1421104554
1421105829
1436668330
1436734122
1436841130
1436898179
1436898725
1436900010
1436900396
1436948133
1436948138
1437104298
1437157797
1437157802
1437225441
1437225650
1437225859
1437226164
1437226410
1437227240
1437227685
1437228076
1491621290
1491622565
1520554405
1520620197
1520727205
1520783841
1520784050
1520784259
1520784564
1520784810
1520785640
1520786085
1520786476
1520834213
1520834218
1520990373
1521043877
1521043882
1521111939
1521112485
1521113770
1521114156
1546409381
1546409386
1546410661
1546410666
1641112986
1641114261
1641114893
1641166072
1641166281
1641166490
1641168397
1641219576
1641219989
1641221065
1641221692
1689436664
1689437082
1689437500
1689438989
1689544090
1689545365
1689545997
1689650680
1689651093
1689652169
1689652796
1704059290
1704061197
1704104696
1704104905
1704105532
1704105741
1704129178
1704129802
1704130664
1704131085
1704182217
1704182677
1704183053
1704184168
1704184380
1704184586
1704227994
1704229901
1704289685
1704290761
1704290829
1704290970
1704291388
1704291594
1704342588
1704342797
1704343189
1704344265
1704344680
1704345098
1704395729
1704396092
1704396233
1704396468
1704396698
1704397461
1704397560
1704398184
1704398605
1704592888
1704593301
1704594377
1704595004
1704616401
1704617140
1704617370
1704618232
1704618645
1704619277
1751487224
1751487433
1751488060
1751488269
1751708309
1751708941
1751761813
1751761818
1751762236
1751763516
1751763725
1751815113
1751815740
1751922121
1751922325
1751922330
1751923401
1751924237
1751975416
1751975829
1751976905
1751977532
1756550025
1756657033
1756658313
1756710328
1756711817
1756763832
1756764041
1758586140
1758587420
1758639644
1758692312
1758693148
1758799320
1758801436
1760621001
1760621210
1760621628
1760621834
1760623117
1760674296
1760674484
1760675085
1760676618
1760727701
1760727800
1760728424
1760728845
1760834257
1760834808
1760834829
1760837130
1760887761
1760888124
1760888265
1760888500
1760888730
1760889493
1760889592
1760890216
1760890637
1761109402
1761110677
1761111309
1761215992
1761216405
1761217481
1761218108
1770246840
1770353848
1770355337
1770460856
1770461065
1770681528
1770681737
1770735032
1770736521
1774306197
1774306202
1774306620
1774307900
1774308109
1774317816
1774318861
1774320138
1774368269
1774424725
1774424730
1774425033
1774425448
1774425660
1774425866
1774426637
1774426728
1774519800
1774520213
1774521289
1774521916
1774531281
1774531644
1774532041
1774532250
1774533736
1774534157
1774744730
1774746637
1774806421
1774807497
1774807565
1774807706
1774808124
1774808330
1774859324
1774859533
1774859925
1774861001
1774861416
1774861834
1774912465
1774912828
1774912969
1774913204
1774913434
1774914197
1774914296
1774914920
1774915341
1778774264
1778774677
1778881481
1778882108
1779102153
1779102780
1779155448
1779155861
1779157564
1779262869
1779263945
1779264572
1779315960
1779316373
1779317449
1787945365
1787947068
1787990985
1787991612
1788014840
1788015253
1788015885
1788068297
1788068532
1788068762
1788069180
1788070248
1788070669
1788114069
1788115145
1788174801
1788175540
1788175770
1788176632
1788177045
1788177677
1788228305
1788228668
1788229065
1788229274
1788230760
1788231181
1788282360
1788282773
1788283849
1788284476
1788503445
1788504521
1788505148
1813373400
1813375516
1813426904
1813480408
1813481244
1813701080
1813701916
1813915096
1813917212
1815270157
1815360969
1815361173
1815361178
1815362249
1815363085
1815408888
1815409933
1815411210
1815414264
1815414677
1815415753
1815416380
1815462345
1815462580
1815462810
1815463228
1815464296
1815464717
1815515797
1815515802
1815516105
1815516520
1815516732
1815516938
1815517709
1815517800
1815667098
1815669005
1815790025
1815790485
1815790861
1815791976
1815792188
1815792394
1815897493
1815898569
1815898637
1815898778
1815899196
1815899402
1816003537
1816003900
1816004041
1816004276
1816004506
1816005269
1816005368
1816005992
1816006413
1828966972
1829057784
1829058197
1829059273
1829093880
1829094293
1829095996
1829106121
1829106330
1829106748
1829107816
1829108237
1829155529
1829212821
1829212920
1829213544
1829213965
1829364117
1829365820
1829397909
1829398985
1829399612
1829409737
1829410364
1829433592
1829434005
1829434637
1829487049
1829487284
1829487514
1829487932
1829489000
1829489421
1829532821
1829533897
1829593553
1829594292
1829594522
1829595384
1829595797
1829596429
1829647057
1829647420
1829647817
1829648026
1829649512
1829649933
1829701112
1829701525
1829702601
1829703228
1894806922
1894808197
1894861492
1894861706
1894862124
1894913512
1894913925
1894915628
1908505226
1908505644
1908610536
1908610740
1908610954
1908611816
1908612652
1922200965
1922202668
1922254260
1922255336
1922255540
1922255749
1922256172
1955787208
1955788044
1955842828
1955949204
1955949836
1956001224
1956003340
1956054932
1956056008
1956275604
1956276680
1956993700
1957320100
1957753226
1957808428
1957876613
1957878316
1957983621
1957984906
1957985324
1958036370
1958036874
1958036916
1958037992
1958038060
1958038405
1958089665
1958090028
1958090420
1958090634
1958091397
1958091496
1958242693
1958242698
1958363632
1958364050
1958364549
1958364554
1958365876
1958366508
1971451948
1971515624
1971516460
1971573428
1971573642
1971669684
1971669898
1971670316
1971679890
1971680436
1971680650
1971681512
1971681925
1971729640
1971730058
1971786480
1971787052
1971787653
1971788426
1971939508
1971939722
1971983848
1971984052
1971984266
1971985128
1971985964
1972007152
1972008325
1972009610
1972061074
1972061578
1972061620
1972062696
1972062764
1972063109
2024102568
2024428968
2025976468
2025978380
2026084108
2026190484
2026191560
2026465940
2026466572
2026517960
2026520076
2026571668
2026572744
2028008069
2028065674
2028066092
2028115500
2028222085
2028222090
2028278512
2028278721
2028279272
2028280453
2028280458
2028281388
2028500357
2028501642
2028502060
2028553106
2028553610
2028553652
2028554728
2028554796
2028555141
2028606401
2028606764
2028607156
2028607370
2028608133
2028608232
2055336116
2055338028
2055402540
2055459304
2055459717
2055554484
2055555560
2055555764
2055555973
2055556396
2055565552
2055566725
2055568010
2055615720
2055616133
2055672769
2055673132
2055673524
2055673738
2055674501
2055674600
2055825588
2055825797
2055869928
2055870341
2055872044
2055893441
2055894196
2055894410
2055895272
2055895685
2055946736
2055947653
2055948844
2055949194
2080764564
2080871368
2081092040
2081145748
2081252756
2081253832
2081306260
2081307336
2082796165
2082796170
2082805428
2082805637
2082805642
2082806504
2082853352
2082855468
2082902760
2083058053
2083058058
2083111348
2083145140
2083146216
2083146629
2083146634
2083181236
2083181868
2083287489
2083287698
2083288244
2083289320
2083340784
2083341202
2083341701
2083341706
2083343028
2083343660
2083394288
2083394497
2083395048
2083396229
2083396234
2083397164
2180035706
2180036119
2180037195
2180523475
2180524755
2180525173
2180525178
2180525387
2180525591
2196825367
2196826229
2196826443
2197038547
2197039827
2197040245
2197040250
2197040459
2197040663
2203428179
2203429459
2203755859
2203757139
2211509271
2211510347
2211570131
2211570742
2211570970
2211571834
2211572037
2211572247
2211623635
2211624053
2211624267
2211624474
2211625065
2211625541
2211677562
2211677975
2211678837
2211679051
2211722451
2211724363
2211783922
2211783959
2211784945
2211785291
2211786053
2211786266
2211997907
2211998743
2212111602
2212111639
2212112625
2212112971
2212113733
2212113946
2235937914
2235938327
2235939403
2236211667
2236212503
2236213370
2236213783
2236265171
2236265589
2236265594
2236265803
2236266007
2236319098
2236319511
2236320373
2236320587
2236425683
2236426963
2236427381
2236427386
2236427595
2236427799
2238771322
2238771735
2238878325
2238878539
2239017683
2239018101
2239018315
2239018522
2239019113
2239019589
2239071610
2239072023
2239072885
2239073099
2239291634
2239292470
2239292698
2239293557
2239293771
2239293978
2239398867
2239399243
2239399285
2239399478
2239399706
2239400297
2239400471
2239400570
2239400773
2239505650
2239505687
2239506673
2239507019
2239507781
2239507994
2251612627
2251614325
2251614330
2251614539
2251614743
2251720058
2251720471
2251721333
2251721547
2266165365
2266165579
2266218874
2266219287
2266296531
2266298443
2266310099
2266311379
2266311797
2266311802
2266312011
2266312215
2266358002
2266359063
2266360133
2266360346
2266411249
2266412154
2266412357
2266412567
2266413161
2266413637
2266465235
2266465611
2266465653
2266465846
2266466074
2266466665
2266466839
2266466938
2266467141
2266662266
2266662679
2266663541
2266663755
2266685907
2266686518
2266686746
2266687610
2266687813
2266688023
2266786003
2266786839
2266899698
2266899735
2266900721
2266901067
2266901829
2266902042
2305340115
2305340533
2305340538
2305340747
2305340951
2305394042
2305394455
2305395317
2305395531
2316689875
2316691573
2316691578
2316691787
2316691991
2316743379
2316743797
2316744011
2316745291
2316797306
2316797719
2316798581
2316798795
2317018391
2317019253
2317019467
2317231571
2317232851
2317233269
2317233274
2317233483
2317233687
2322657397
2322657611
2322710906
2322711319
2322903281
2322904186
2322904389
2322904599
2322905193
2322905669
2322957267
2322957643
2322957685
2322957878
2322958106
2322958697
2322958871
2322958970
2322959173
2323177939
2323178550
2323178778
2323179642
2323179845
2323180055
2323285370
2323285783
2323286645
2323286859
2323391730
2323391767
2323392753
2323393099
2323393861
2323394074
2336354426
2336354839
2336461429
2336461643
2336589178
2336589591
2336590453
2336590667
2336600787
2336601205
2336601419
2336601626
2336602217
2336602693
2336813267
2336814103
2336874738
2336875574
2336875802
2336876661
2336876875
2336877082
2336892371
2336893651
2336894069
2336894074
2336894283
2336894487
2336927985
2336929093
2336929306
2336930379
2336981971
2336982347
2336982389
2336982582
2336982810
2336983401
2336983575
2336983674
2336983877
2337027283
2337029195
2337088754
2337088791
2337089777
2337090123
2337090885
2337091098
2447480170
2447480583
2447481445
2447914226
2447914435
2447916138
2447916551
2447967730
2447969219
2447969637
2447969846
2457122115
2457123395
2457175410
2457176899
2457397571
2457611378
2457611587
2459104519
2459105381
2459157814
2459158885
2459158890
2459159094
2459159303
2459265266
2459265475
2459266102
2459266311
2459317699
2459318979
2459319397
2459319402
2459319815
2459370994
2459372483
2459372901
2459373110
2459593155
2459593782
2464273702
2464274982
2464486882
2464488998
2464709670
2464762338
2464763174
2465264067
2465264694
2465264906
2465265770
2465266183
2465317362
2465318151
2465319028
2465319690
2465371498
2465371911
2465372773
2465477874
2465477895
2465478881
2465480202
2465531190
2465531331
2465531794
2465532385
2465532517
2465532658
2465533044
2465533290
2465533703
2465752466
2465753189
2465753330
2465754375
2465859058
2465860547
2465860965
2465861174
2470818930
2470820419
2471094386
2471146610
2471146819
2471200114
2471201603
2471308402
2471308611
2478949686
2478950757
2478950762
2478950966
2478951175
2478960882
2478961927
2478963210
2479010922
2479011335
2479068099
2479068517
2479068726
2479068938
2479069703
2479069802
2479162866
2479164355
2479164773
2479164982
2479174710
2479175107
2479175314
2479175905
2479176810
2479177223
2479389703
2479449490
2479450213
2479450218
2479450563
2479450631
2479450770
2479451190
2479451402
2479502390
2479502599
2479502994
2479504067
2479504485
2479504906
2479555894
2479556035
2479556498
2479557089
2479557221
2479557362
2479557748
2479557994
2479558407
2490668394
2490668807
2490669669
2490941938
2490942774
2490943850
2490944263
2491155954
2491157443
2491157861
2491158070
2506215786
2506216199
2506404970
2506405383
2506462147
2506462565
2506462774
2506462986
2506463751
2506463850
2506647794
2506648003
2506648630
2506648839
2506683026
2506683658
2506684522
2506684935
2506736067
2506736530
2506736903
2506738021
2506738230
2506738442
2506753522
2506755011
2506755429
2506755638
2506789345
2506789618
2506790004
2506790250
2506790663
2506791525
2506896438
2506896647
2506897042
2506898115
2506898533
2506898954
2506949942
2506950083
2506950546
2506951137
2506951269
2506951410
2506951796
2506952042
2506952455
2519060962
2519063078
2519388642
2519389478
2519496930
2519550434
2519551270
2519602658
2519604774
2519912810
2519913223
2520004035
2520005315
2520005733
2520005738
2520006151
2520051954
2520052999
2520054282
2520057330
2520058819
2520059237
2520059446
2520105411
2520105874
2520106294
2520107124
2520107370
2520107783
2520159171
2520159589
2520159798
2520160010
2520160775
2520160874
2520312071
2520433091
2520433554
2520433927
2520435045
2520435254
2520435466
2520540562
2520541285
2520541290
2520541635
2520541703
2520541842
2520542262
2520542474
2520646966
2520647107
2520647570
2520648161
2520648293
2520648434
2520648820
2520649066
2520649479
2533609829
2533610038
2533700850
2533702339
2533702757
2533736946
2533738853
2533739062
2533749187
2533749394
2533749814
2533750890
2533751303
2533798595
2533799013
2533855713
2533855986
2533856372
2533856618
2533857031
2533857893
2534008886
2534042051
2534042678
2534052803
2534053221
2534053430
2534076658
2534077703
2534078565
2534130115
2534130578
2534130998
2534131828
2534132074
2534132487
2534176963
2534237586
2534238309
2534238450
2534239495
2534290486
2534290883
2534291090
2534291681
2534292586
2534292999
2534344178
2534345667
2534346085
2534346294
2584080626
2584082533
2584187843
2584188261
2584188470
2584408515
2584409142
2584461810
2584463717
2584463926
2584570307
2584570934
2584622322
2584623811
2584624229
2590101861
2590102070
2590290627
2590291045
2590347745
2590348018
2590348404
2590348650
2590349063
2590349925
2590534083
2590534710
2590568690
2590569735
2590570597
2590622147
2590622610
2590623030
2590623860
2590624106
2590624519
2590675907
2590676325
2590676534
2590782518
2590782915
2590783122
2590783713
2590784618
2590785031
2590836210
2590837699
2590838117
2590838326
2714871130
2714872405
2731713882
2731715157
2759107930
2759109205
2773606746
2773660250
2773713749
2773713754
2773791834
2773853525
2773853718
2773854537
2773854810
2774067290
2774180305
2774180562
2774180980
2774181210
2774181398
2774182008
2774182217
2774182485
2774281301
2774281306
2786501973
2786501978
2786503253
2786503258
2826478938
2826480213
2840175957
2840175962
2840177237
2840177242
2857492821
2857546325
2857599829
2857599834
2857677909
2857738705
2857738962
2857739380
2857739610
2857739798
2857740408
2857740617
2857740885
2857953365
2858067285
2858067478
2858068297
2858068570
2858167381
2858167386
2968565066
2968566341
2968618774
2968619636
2968619850
2969052626
2969054533
2969054742
2982262294
2982263370
2982749650
2982750930
2982751348
2982751562
2982751766
2991958610
2992285010
2999056484
2999056902
2999162630
2999163492
2999270082
2999270500
2999545094
2999596482
2999598598
2999651266
2999651684
3000039493
3000100118
3000101194
3000153413
3000153622
3000154698
3000206290
3000206666
3000206708
3000207720
3000207894
3000208197
3000253509
3000253514
3000313298
3000314096
3000314305
3000314437
3000314442
3000315414
3000527894
3000640790
3000641985
3000642117
3000642258
3000642676
3000642890
3025513044
3025839444
3026556678
3026557540
3026776514
3026777350
3026832134
3026883522
3026883940
3026990530
3026992646
3027045314
3027045732
3027300682
3027354390
3027407685
3027407690
3027547461
3027547670
3027548746
3027600338
3027600714
3027600756
3027601768
3027601942
3027602245
3027822917
3027823126
3027927536
3027928389
3027928394
3027928854
3027929448
3027929716
3028034838
3028036033
3028036165
3028036306
3028036724
3028036938
3040997910
3041104500
3041104714
3041232662
3041233524
3041233738
3041243858
3041244276
3041244490
3041245288
3041245765
3041456338
3041457174
3041519732
3041519946
3041535442
3041536722
3041537140
3041537354
3041537558
3041571056
3041572165
3041573450
3041625042
3041625418
3041625460
3041626472
3041626646
3041626949
3041670354
3041672266
3041731862
3041732848
3041733194
3041733957
3053844580
3053949890
3053950308
3054170562
3054225764
3054332354
3054385858
3054386276
3054694725
3054694730
3054748020
3054827589
3054827594
3054840530
3054840948
3054841157
3054841162
3054887378
3054889494
3054940609
3054940882
3054941300
3054942312
3054993904
3054994757
3054994762
3054995222
3054995816
3054996084
3055190994
3055191412
3055192901
3055192906
3055215894
3055216756
3055315154
3055429074
3055429872
3055430081
3055430213
3055430218
3055431190
3093869893
3093870102
3093922770
3093923188
3093923606
3093924468
3093924677
3124883572
3124883990
3124990580
3124990789
3125117906
3125118324
3125118742
3125119604
3125119813
3125129456
3125130565
3125131850
3125343254
3125404114
3125406021
3125421522
3125423429
3125423638
3125457345
3125457618
3125458036
3125458250
3125459525
3125510640
3125511493
3125512726
3125513034
3125556434
3125558341
3125617942
3125619137
3125619269
3125619410
3125619828
3125620042
3245651475
3245925651
3245926931
3246032659
3246033521
3246140529
3246140947
3249722665
3249723945
3249830953
3249936049
3249937961
3250211505
3250212137
3250713658
3250715147
3250820457
3250820661
3250820666
3250820875
3250821737
3250927251
3250928745
3251201427
3251202707
3251203125
3251203130
3251203339
3251254513
3251254931
3251256425
3251256843
3251308435
3251309297
3251309929
3251310138
3253793427
3253793845
3253794059
3253794921
3253795333
3253847354
3253848629
3253848843
3253900017
3253900408
3253901061
3253901835
3254006842
3254007025
3254008513
3254009355
3254060947
3254061809
3254062441
3254062650
3254281394
3254282481
3254282763
3254283525
3254388026
3254388209
3254388402
3254389353
3254389395
3254389697
3254389880
3254390325
3254390539
3266495802
3266497077
3266497291
3266603249
3266603667
3266604085
3266604299
3266709395
3266710257
3266710889
3266711098
3272992881
3272993299
3273045105
3273099027
3273099889
3273319699
3273320561
3273534577
3273534995
3281119285
3281119499
3281163625
3281163829
3281163834
3281164043
3281164905
3281187057
3281188101
3281189387
3281240979
3281241355
3281241397
3281242473
3281242682
3281242885
3281288203
3281347987
3281348713
3281349057
3281349131
3281349690
3281349893
3281400885
3281400890
3281401099
3281401281
3281401491
3281402561
3281402985
3281403397
3281454394
3281454577
3281454770
3281455721
3281455763
3281456065
3281456248
3281456693
3281456907
3281651603
3281652465
3281653097
3281653306
3281675442
3281676393
3281676737
3281676947
3281677365
3281677579
3305501331
3305502825
3305607921
3305608553
3305608762
3305828593
3305829434
3305882515
3305884009
3305884218
3305989523
3305990385
3305991226
3306043027
3306044521
3308441961
3308442170
3308533395
3308534889
3308581105
3308581946
3308583435
3308635027
3308636521
3308636730
3308688019
3308688321
3308688504
3308688949
3308689163
3308690025
3308839315
3308841018
3308962289
3308962482
3308963130
3308963960
3308964405
3308964619
3309069490
3309070441
3309070785
3309070995
3309071413
3309071627
3309176723
3309177585
3309178217
3309178426
3363082993
3363083829
3363084043
3363084905
3363358010
3363359285
3363359499
3363571603
3363572465
3363573097
3363573306
3374699185
3374701097
3375026865
3375027497
3375133873
3375188657
3375189289
3375240881
3375242793
3378631221
3378631435
3378820619
3378877075
3378877377
3378877801
3378878010
3378878213
3378878987
3379062163
3379063443
3379063861
3379063866
3379064075
3379097841
3379098885
3379100171
3379151763
3379152139
3379152181
3379153257
3379153466
3379153669
3379169171
3379170033
3379170665
3379170874
3379204755
3379205057
3379205240
3379205685
3379205899
3379206761
3379311669
3379311674
3379311883
3379312065
3379312275
3379313345
3379313769
3379314181
3379365178
3379365361
3379365554
3379366505
3379366547
3379366849
3379367032
3379367477
3379367691
3392328245
3392328459
3392419057
3392419475
3392420969
3392421387
3392467393
3392468021
3392468235
3392469509
3392472979
3392473841
3392474473
3392474682
3392520689
3392520882
3392521530
3392522360
3392522805
3392523019
3392574099
3392574401
3392574825
3392575034
3392575237
3392576011
3392727093
3392727307
3392848787
3392849163
3392849205
3392850281
3392850490
3392850693
3392955795
3392956521
3392956865
3392956939
3392957498
3392957701
3393062202
3393062385
3393062578
3393063529
3393063571
3393063873
3393064056
3393064501
3393064715
3406025065
3406025274
3406116499
3406117993
3406152595
3406154089
3406154298
3406164209
3406165050
3406166539
3406214249
3406271123
3406271425
3406271608
3406272053
3406272267
3406273129
3406422419
3406424122
3406456211
3406457073
3406457914
3406467825
3406468457
3406468666
3406492097
3406492307
3406492725
3406492939
3406493801
3406545393
3406545586
3406546234
3406547064
3406547509
3406547723
3406591123
3406652594
3406653545
3406653889
3406654099
3406654517
3406654731
3406705722
3406705905
3406707393
3406708235
3406759827
3406760689
3406761321
3406761530
3505444138
3505445413
3505657731
3505658593
3505659434
3505931698
3505933187
3505933605
3513095939
3513096801
3513316402
3513316611
3513369906
3513371395
3513423201
3513423410
3513531907
3513584993
3513585202
3517274785
3517601185
3521180714
3521237891
3521238309
3521239594
3521287717
3521287722
3521394307
3521451306
3521451489
3521451698
3521452675
3521453160
3521453605
3521673859
3521674277
3521725827
3521726945
3521727013
3521727154
3521727540
3521727786
3521778928
3521778981
3521778986
3521779587
3521780449
3521780840
3526686817
3526687235
3526740321
3526740530
3526792963
3526793825
3527066930
3527068419
3527175427
3527282017
3527282226
3534052002
3534378402
3534813221
3534866725
3534866730
3534934915
3534935333
3534936618
3535041923
3535043626
3535095218
3535096048
3535096357
3535096362
3535096707
3535096884
3535148330
3535148513
3535148722
3535149699
3535150184
3535150629
3535300995
3535422851
3535423969
3535424037
3535424178
3535424564
3535424810
3540383841
3540489569
3540489778
3540710450
3540765025
3540765234
3540872242
3540925537
3548510245
3548510250
3548574757
3548574762
3548631521
3548631730
3548632116
3548633192
3548727777
3548727986
3548728613
3548728618
3548738738
3548740227
3548787937
3548845296
3548845349
3548845354
3548845955
3548846817
3548847208
3548997810
3549042145
3549042354
3549044261
3549044266
3549066627
3549067489
3549119922
3549120752
3549121061
3549121066
3549121411
3549121588
3560231811
3560233514
3560719794
3560720865
3560721074
3560721283
3560721706
3575968387
3575977859
3575978721
3575979562
3576025569
3576025778
3576026410
3576027240
3576027685
3576074977
3576075818
3576230066
3576230275
3576283570
3576285482
3576317362
3576318433
3576318642
3576318851
3576319274
3576353008
3576354085
3576355370
3576461537
3576462378
3576513923
3576514800
3576515114
3576515877
3576567082
3576567265
3576567474
3576568451
3576568936
3576569381
3630748547
3630748965
3630962145
3630962354
3630962563
3630963425
3630964261
3659854049
3659854467
3659863521
3659863730
3659863939
3659864801
3659865637
3659911408
3659912485
3659913770
3659961057
3659961893
3660116355
3660169650
3660171557
3660203442
3660204931
3660205349
3660239329
3660239538
3660239924
3660240170
3660241445
3660346546
3660348453
3660400003
3660401121
3660401189
3660401330
3660401716
3660401962
3660453104
3660453157
3660454531
3660455466
3773883674
3773884949
3773990264
3773990677
3773991753
3774098129
3774098761
3774098970
3780487761
3780814161
3784504376
3784504585
3784557880
3784559369
3784665745
3784666377
3784719881
3784771473
3784773176
3784992145
3784993848
3788567578
3788629269
3788630345
3788630554
3788682773
3788683849
3788735441
3788735817
3788736052
3788736282
3788737045
3788737144
3788782665
3788842266
3788842449
3788842642
3788843593
3788844152
3788844565
3789057045
3789057050
3789169904
3789169941
3789169946
3789170322
3789171409
3789172041
3801277717
3801278793
3801490897
3801492177
3801492600
3801492809
3801493013
3828672841
3828673050
3828777937
3828778360
3828778778
3828779640
3828779849
3843223672
3843223881
3843277176
3843277594
3843356745
3843369681
3843370313
3843370522
3843416529
3843416722
3843417370
3843418232
3843418645
3843470033
3843470874
3843523312
3843523913
3843524373
3843525146
3843720145
3843720568
3843720986
3843721848
3843722057
3843743984
3843745045
3843746330
3843844305
3843845146
3843958042
3843958225
3843958418
3843959369
3843959928
3843960341
3895784081
3895785993
3895837585
3895839288
3895891721
3896165688
3896167177
3896273553
3896274185
3896379281
3896380984
3897928280
3898254680
3899716117
3899769621
3899769626
3899822921
3899962697
3899962906
3900015344
3900015992
3900016180
3900017173
3900017178
3900017481
3900237077
3900238153
3900238362
3900343249
3900343625
3900343860
3900344090
3900344853
3900344952
3900450074
3900450257
3900450450
3900451401
3900451960
3900452373
3909481105
3909588536
3909809208
3909862289
3909863992
3909969297
3909971000
3910022801
3913413141
3913413146
3913519736
3913647057
3913647893
3913647898
3913648760
3913659512
3913661001
3913872405
3913872410
3913933265
3913933458
3913933876
3913934968
3913950673
3913952376
3913952789
3913952794
3913986769
3913987401
3914040048
3914040696
3914040884
3914041877
3914041882
3914042185
3914085585
3914147056
3914147093
3914147098
3914147474
3914148561
3914149193
3927109961
3927163256
3927163669
3927240913
3927242825
3927254481
3927255761
3927256184
3927256393
3927256597
3927302384
3927303445
3927304730
3927356536
3927356949
3927409617
3927409993
3927410228
3927410458
3927411221
3927411320
3927606648
3927607061
3927608137
3927630289
3927630900
3927631130
3927631992
3927632405
3927730385
3927731221
3927844080
3927844117
3927845449
3927846426
4034181697
4034234130
4034234992
4034454802
4034561392
4034562881
4034669889
4034670098
4038251816
4038359681
4038412976
4038413608
4038465409
4038467112
4038739376
4038740865
4040288788
4040340808
4040394516
4040395592
4040501968
4040502600
4040828368
4040830484
4041333284
4041545602
4041546464
4041766274
4041821058
4041821476
4041872864
4041874980
4042323205
4042324490
4042376082
4042376458
4042376500
4042377576
4042377989
4042429377
4042430004
4042430218
4042430981
4042431080
4042536202
4042536385
4042536594
4042538088
4042538501
4042589680
4042590824
4042590866
4042591169
4042591796
4042592010
4042811841
4042811909
4042812050
4042812468
4042812682
4042917172
4042917313
4042917778
4042918640
4042919272
4042919685
4047877650
4048151826
4048153106
4048204912
4048205330
4048258834
4048259696
4048366704
4048367122
4051948840
4051950120
4052057128
4052162224
4052164136
4052382896
4052384808
4052437680
4052438312
4056009268
4056009482
4056019602
4056020020
4056020234
4056021096
4056021509
4056069224
4056069642
4056126192
4056127237
4056128010
4056221586
4056222448
4056223080
4056233200
4056234689
4056235530
4056446098
4056448010
4056508656
4056508938
4056509701
4056560692
4056560906
4056561089
4056563205
4056614384
4056615528
4056615570
4056615873
4056616500
4056616714
4061522032
4061522241
4061574465
4061575745
4061627760
4061629249
4061849921
4062063728
4062063937
4068726052
4068727332
4068833504
4068834340
4068939232
4068941348
4069162020
4069214688
4069215524
4069648436
4069648645
4069692776
4069693189
4069716417
4069717044
4069717258
4069718120
4069718533
4069769712
4069770501
4069772042
4069816513
4069817349
4069877864
4069878277
4069878418
4069879050
4069930224
4069930245
4069932554
4069983540
4069983681
4069984146
4069985008
4069985640
4069986053
4070180336
4070181825
4070182452
4070204818
4070205680
4070206725
4095076680
4095128904
4095130184
4095181776
4095183688
4095402448
4095404360
4095617744
4095618376
4096119682
4096446944
4096447362
4096554370
4096555650
4096608736
4096609154
4096661378
4096662240
4096971112
4096971530
4097063617
4097064458
4097110465
4097110674
4097111306
4097112168
4097112581
4097116050
4097116912
4097117544
4097163760
4097165876
4097166090
4097217264
4097218309
4097219082
4097368466
4097370378
4097491393
4097492234
4097492276
4097493765
4097599728
4097600010
4097600773
4097705456
4097706600
4097706642
4097706945
4097707572
4097707786
4110668136
4110759570
4110761064
4110795666
4110797160
4110807280
4110809610
4110857320
4110914194
4110914497
4110915124
4110915338
4110916200
4111065490
4111099282
4111100144
4111110896
4111111528
4111135169
4111135378
4111135796
4111136010
4111136872
4111188464
4111190580
4111190794
4111234194
4111296616
4111296961
4111297170
4111297588
4111297802
4111348976
4111350465
4111351306
4111402898
4111403760
4111404392
4163228336
4163228545
4163556225
4163663233
4163664513
4163716528
4163718017
4163770032
4163770241
4165317328
4165318164
4165592340
4165593620
4165645844
4165698512
4165699348
4165805520
4165807636
4167160372
4167160581
4167348929
4167349765
4167406226
4167407370
4167408133
4167408232
4167591314
4167593221
4167627201
4167627410
4167627828
4167628042
4167629317
4167680496
4167681285
4167682826
4167697904
4167699393
4167700020
4167734000
4167734632
4167735045
4167841008
4167841029
4167843338
4167894324
4167894465
4167894930
4167895792
4167896424
4167896837
4194554420
4194645232
4194646721
4194681328
4194683444
4194693569
4194693778
4194694196
4194695272
4194695685
4194742977
4194800368
4194801000
4194801413
4194953268
4194986433
4194987060
4194997185
4194997812
4195021040
4195022085
4195074497
4195074962
4195075380
4195076456
4195076869
4195121345
4195181970
4195182832
4195183877
4195234868
4195235265
4195235474
4195236968
4195237381
4195288560
4195290049
4195290676
