32519418
32519831
32520907
32521325
49309079
49309941
49310155
49310782
63992983
63994059
64053715
64054454
64054682
64055405
64055546
64055749
64055959
64056373
64056591
64107219
64107582
64107765
64107979
64108186
64108777
64109253
64109674
64110095
64161274
64161687
64162549
64162763
64163181
64163390
82887162
82887575
82889069
82889278
84275450
84275863
84277357
84382453
84382667
84383085
84383294
84603125
84603339
84603966
84656634
84657047
84658541
84658750
84764055
84764917
84765131
84765758
84817146
84817559
84818635
84819053
87216493
87216702
87307514
87307927
87309003
87309421
87355637
87355851
87356058
87356478
87357546
87357967
87409146
87409559
87411053
87411262
87462377
87462551
87462650
87462853
87463036
87463274
87463477
87463695
87464557
87613847
87615550
87736779
87736821
87737014
87737242
87737662
87738492
87738730
87738933
87739151
87843283
87844022
87844250
87844973
87845114
87845317
87845527
87845941
87846159
87950842
87951255
87952117
87952331
87952749
87952958
96584186
96584599
96586093
96586302
96596213
96596427
96596634
96597054
96598122
96598543
96645835
96646253
96702953
96703127
96703226
96703429
96703612
96703850
96704053
96704271
96705133
96810234
96810647
96811723
96812141
97023127
97024203
97083859
97084598
97084826
97085549
97085690
97085893
97086103
97086517
97086735
97137363
97137726
97137909
97138123
97138330
97138921
97139397
97139818
97140239
97191418
97191831
97192693
97192907
97193325
97193534
99676613
99677237
99677455
99678725
99678730
99729867
99729909
99730102
99730330
99730750
99731580
99731818
99732021
99732239
99782904
99783322
99784453
99784458
99785231
99785322
99889875
99890238
99890421
99890635
99890842
99891433
99891909
99892330
99892751
99943930
99944343
99945205
99945419
99945837
99946046
100163826
100165738
100166159
100166298
100166917
100166922
100271059
100271422
100271563
100271605
100271798
100272026
100272617
100272749
100272791
100272890
100273093
100273276
100273514
100273717
100273935
112255383
112257086
112378315
112378357
112378550
112378778
112379198
112380028
112380266
112380469
112380687
112484819
112485558
112485786
112486509
112486650
112486853
112487063
112487477
112487695
112592378
112592791
112593653
112593867
112594285
112594494
126939287
127000758
127000986
127002677
127002895
127046121
127046295
127046394
127046597
127046780
127047018
127047221
127047439
127048301
127070874
127071493
127071498
127072362
127072783
127123700
127123909
127124751
127124789
127126277
127126282
127168723
127169690
127170757
127171599
127230194
127232106
127232527
127232666
127233285
127233290
127283441
127284277
127284495
127284677
127286789
127286794
127337427
127337790
127337931
127337973
127338166
127338394
127338985
127339117
127339159
127339258
127339461
127339644
127339882
127340085
127340303
127534586
127534999
127535861
127536075
127536493
127536702
127558099
127558838
127559066
127559789
127559930
127560133
127560343
127560757
127560975
149983989
149984203
149984621
149984830
165720779
165721197
165777897
165778071
165778170
165778373
165778556
165778794
165778997
165779215
165780077
166212307
166212670
166212853
166213067
166213274
166213865
166214341
166214762
166215183
166266362
166266775
166267637
166267851
166268269
166268478
168161530
168161943
168163437
168268533
168268747
168269165
168269374
168489205
168489419
168490046
168542714
168543127
168544621
168544830
168650135
168650997
168651211
168651838
168703226
168703639
168704715
168705133
174182765
174182974
174371531
174371949
174428649
174428823
174428922
174429125
174429308
174429546
174429749
174429967
174430829
174613911
174614773
174614987
174615614
174649594
174649797
174650007
174650421
174650639
174651501
174703051
174703093
174703286
174703514
174703934
174704764
174705002
174705205
174705423
174756597
174756811
174757229
174757438
174863059
174863422
174863605
174863819
174864026
174864617
174865093
174865514
174865935
174917114
174917527
174918389
174918603
174919021
174919230
177332631
177334334
177378037
177378251
177378669
177378878
177402106
177402309
177402519
177402933
177403151
177404013
177455563
177455605
177455798
177456026
177456446
177457276
177457514
177457717
177457935
177501335
177502411
177562067
177562806
177563034
177563757
177563898
177564101
177564311
177564725
177564943
177615571
177615934
177616117
177616331
177616538
177617129
177617605
177618026
177618447
177669626
177670039
177670901
177671115
177671533
177671742
177890711
177891573
177891787
177892414
183562906
183563525
183563530
183564394
183564815
183615732
183615941
183616783
183616821
183618309
183618314
183669225
183669399
183669498
183669701
183669884
183670122
183670325
183670543
183671405
183775473
183776309
183776527
183776709
183778821
183778826
183829459
183829822
183829963
183830005
183830198
183830426
183831017
183831149
183831191
183831290
183831493
183831676
183831914
183832117
183832335
184050131
184050870
184051098
184051821
184051962
184052165
184052375
184052789
184053007
184157690
184158103
184158965
184159179
184159597
184159806
197193931
197247435
197247477
197247670
197247898
197248318
197249148
197249386
197249589
197249807
197259717
197260341
197260559
197261829
197261834
197308649
197309125
197309546
197309967
197366008
197366426
197367557
197367562
197368335
197368426
197461498
197461911
197462773
197462987
197463405
197463614
197472979
197473342
197473525
197473739
197473946
197474537
197475013
197475434
197475855
197685459
197686426
197687493
197688335
197746930
197748842
197749263
197749402
197750021
197750026
197800177
197801013
197801231
197801413
197803525
197803530
197854163
197854526
197854667
197854709
197854902
197855130
197855721
197855853
197855895
197855994
197856197
197856380
197856618
197856821
197857039
208720237
208720446
208966121
208966295
208966394
208966597
208966780
208967018
208967221
208967439
208968301
209240523
209240565
209240758
209240986
209241406
209242236
209242474
209242677
209242895
209454586
209454999
209455861
209456075
209456493
209456702
224456813
224514172
224514410
224514613
224514831
224702697
224703173
224703594
224704015
224760056
224760474
224761605
224761610
224762383
224762474
224944595
224945334
224945562
224946285
224946426
224946629
224946839
224947253
224947471
224981658
224982277
224982282
224983146
224983567
225034484
225034693
225035535
225035573
225037061
225037066
225052154
225052567
225053429
225053643
225054061
225054270
225087977
225088151
225088250
225088453
225088636
225088874
225089077
225089295
225090157
225194225
225195061
225195279
225195461
225197573
225197578
225248211
225248574
225248715
225248757
225248950
225249178
225249769
225249901
225249943
225250042
225250245
225250428
225250666
225250869
225251087
238088254
238211196
238211434
238211637
238211855
238301907
238302270
238302453
238302667
238302874
238303465
238303941
238304362
238304783
238350789
238351413
238351631
238352901
238352906
238355962
238356375
238357237
238357451
238357869
238358078
238404043
238404085
238404278
238404506
238404926
238405756
238405994
238406197
238406415
238457080
238457498
238458629
238458634
238459407
238459498
238608566
238608794
238610485
238610703
238731508
238731717
238732559
238732597
238734085
238734090
238838002
238839914
238840335
238840474
238841093
238841098
238945235
238945598
238945739
238945781
238945974
238946202
238946793
238946925
238946967
238947066
238947269
238947452
238947690
238947893
238948111
251908461
251908670
251999482
251999895
252000971
252001389
252035578
252035991
252037485
252037694
252047605
252047819
252048026
252048446
252049514
252049935
252097227
252097645
252154345
252154519
252154618
252154821
252155004
252155242
252155445
252155663
252156525
252305815
252307518
252339607
252340469
252340683
252341310
252351221
252351435
252351853
252352062
252375290
252375493
252375703
252376117
252376335
252377197
252428747
252428789
252428982
252429210
252429630
252430460
252430698
252430901
252431119
252474519
252475595
252535251
252535990
252536218
252536941
252537082
252537285
252537495
252537909
252538127
252588755
252589118
252589301
252589515
252589722
252590313
252590789
252591210
252591631
252642810
252643223
252644085
252644299
252644717
252644926
299963882
299964295
299965157
299965998
311588231
311589093
311589934
311641526
311642597
311642602
311642806
311643015
311643438
316757414
316758694
317747651
317748406
317748618
317749482
317749895
317750309
317800946
317801863
317802740
317803054
317803402
317803813
317855210
317855623
317856485
317857326
331433398
331434469
331434474
331434678
331434887
331435310
331444466
331445639
331446922
331447333
331494634
331495047
331551683
331552046
331552229
331552438
331552650
331553415
331553514
331553900
331554341
339005930
339006343
339008046
339494326
339495397
339495402
339495606
339495815
339496238
350770598
350771878
351326693
351326902
351327114
351327534
351328364
351328805
351540714
351541127
351541989
351542830
351814130
351815047
351815924
351816238
351816586
351816997
354742506
354742919
354751978
354752391
354753253
354754094
354800101
354800310
354800522
354800942
354801772
354802213
354849509
354850350
355004598
355004807
355058102
355060014
355091894
355092965
355092970
355093174
355093383
355093806
355127540
355128202
355128613
355129902
355234034
355234243
355235210
355236069
355236490
355236910
355287538
355288455
355289332
355289646
355289994
355290405
355341251
355341614
355341797
355342006
355342218
355342983
355343082
355343468
355343909
367063269
367063690
367064110
367120628
367121701
367170183
367170282
367170668
367171109
367277290
367277703
367334339
367334702
367334885
367335094
367335306
367336071
367336170
367336556
367336997
367555218
367557669
367608259
367608722
367609226
367609964
367610405
367610932
367661537
367661810
367662324
367662373
367663336
367663754
379703718
379769510
379876518
379933154
379934948
380139686
380260834
380262628
380694710
380694922
380696613
380748167
380750117
380817652
380818725
380924146
380926602
380977603
380978066
380978570
380979308
380979749
380980276
381031363
381031726
381031909
381032118
381032330
381033095
381033194
381033580
381034021
381184046
381184394
381305283
381305746
381306250
381306988
381307429
381307956
394379702
394381614
394391943
394393637
394433253
394434094
394457322
394457735
394458149
394515338
394515508
394556551
394609138
394610055
394610932
394611246
394611594
394612005
394621379
394621586
394622346
394670787
394671150
394671333
394671754
394727905
394728178
394728692
394728741
394729704
394730122
394819719
394881070
394881418
394924995
394925358
394925541
394925750
394925962
394926727
394926826
394927212
394927653
394948850
394951306
395002307
395002770
395003274
395004012
395004453
395004980
417863146
417863559
417864421
417865262
444723382
444725294
444788965
444789806
444846324
444846570
444846983
444847397
444848236
444848677
444941750
444942821
444942826
444943030
444943239
444943662
444952818
444953991
444955274
444955685
445002986
445003399
445060035
445060398
445060581
445060790
445061002
445061767
445061866
445062252
445062693
445212854
445213063
445257194
445257607
445258469
445259310
445280707
445281462
445281674
445282538
445282951
445283365
445334002
445334919
445335796
445336110
445336458
445336869
450949354
450949767
450950181
451007370
451007540
451056357
451057198
451162819
451163182
451163365
451163786
451219937
451220210
451220724
451220773
451221736
451222154
451440882
451443338
451494339
451494802
451495306
451496044
451496485
451497012
451548099
451548462
451548645
451548854
451549066
451549831
451549930
451550316
451550757
476353253
476354094
476595638
476596709
476596714
476596918
476597127
476597550
476631284
476631946
476632357
476633646
476844995
476845358
476845541
476845750
476845962
476846727
476846826
476847212
476847653
505532718
505598510
505689322
505689735
505737445
505737866
505738286
505746371
505746734
505746917
505747126
505747338
505748103
505748202
505748588
505749029
505794804
505795877
505844359
505844458
505844844
505845285
505964726
505964935
505999754
506001454
506052999
506054949
506085874
506086791
506087668
506087982
506088330
506088741
506123316
506124396
506124837
506229394
506231845
506282435
506282898
506283402
506284140
506284581
506285108
506335713
506335986
506336500
506336549
506337512
506337930
567354842
567356117
567356749
567356958
584197594
584198869
584199501
584199710
607445466
607447373
607447582
607552469
607552474
607552892
607553310
607554172
607554381
617784668
617785948
619766229
619766422
619767070
619767932
619768138
619768341
619872760
619873012
619873613
619874069
619874846
619875146
619980250
619981525
619982157
619982366
621998204
621998413
622051708
622052126
622129370
622131277
622142938
622144213
622144845
622145054
622191061
622191254
622191902
622192764
622192970
622193173
622244088
622244297
622244565
622245194
622245406
622246474
622297592
622297844
622298445
622298901
622299678
622299978
622494677
622494682
622495100
622495518
622496380
622496589
622518516
622519573
622520650
622520862
622618837
622619678
622732574
622732757
622732950
622733769
622733901
622734042
622734460
622734666
622734869
634450133
634450974
634452042
634511604
634512661
634566165
634566760
634618313
634618518
634619210
634619444
634620264
634620437
634664154
634666061
634725662
634725845
634726038
634726857
634726989
634727130
634727548
634727754
634727957
634938518
634939469
634939610
634940437
635052497
635052754
635053300
635053333
635054328
635054666
647136213
647136218
647136636
647137054
647137916
647138125
647160052
647161109
647162186
647162398
647260373
647261214
647374110
647374293
647374486
647375305
647375437
647375578
647375996
647376202
647376405
677950165
677950797
677951006
678003669
678003674
678004092
678004510
678005372
678005581
684827996
684829276
686862793
686863066
686863484
686863690
686863893
686864973
686916088
686916340
686916941
686917397
686918174
686918474
687351258
687352533
687353165
687353374
700548053
700548058
700548476
700548894
700549756
700549965
700559608
700560717
700560917
700561994
700986586
700988493
701048094
701048277
701048470
701049289
701049421
701049562
701049980
701050186
701050389
708964476
708964894
709071484
709071693
709198805
709198810
709199228
709199646
709200508
709200717
709210360
709211469
709211669
709212746
709423317
709424158
709484788
709485018
709485206
709485845
709486925
709487125
709502426
709503701
709504333
709504542
709538249
709538522
709538940
709539146
709539349
709540429
709591544
709591796
709592397
709592853
709593630
709593930
709637338
709639245
709698846
709699029
709699222
709700041
709700173
709700314
709700732
709700938
709701141
718336218
718337045
718338125
718398516
718399818
718450936
718453322
718504393
718504598
718505290
718505524
718506344
718506517
718550046
718550229
718551241
718552138
718610897
718611154
718611700
718611733
718612728
718613066
718825685
718826526
718939422
718939605
718939798
718940617
718940749
718940890
718941308
718941514
718941717
743563612
743617116
743748700
743809496
743809748
744024156
744137176
744137428
745599100
745599306
745599509
745652557
745653013
745706014
745706314
745844984
745847370
745898441
745898646
745899338
745899572
745900392
745900565
746119412
746120469
746226121
746226326
746227018
746227252
746228072
746228245
746333470
746333653
746333846
746334665
746334797
746334938
746335356
746335562
746335765
759284092
759284510
759296333
759296533
759345741
759403038
759403338
759477325
759529976
759530228
759530829
759531285
759532062
759532362
759542217
759543114
759543912
759720149
759720990
759754970
759755797
759756877
759817268
759818570
759833886
759834069
759834262
759835081
759835213
759835354
759835772
759835978
759836181
759869688
759872074
759923145
759923350
759924042
759924276
759925096
759925269
759968798
759968981
759969993
759970890
760029649
760029906
760030452
760030485
760031480
760031818
772923678
772969084
772969293
772993354
772993566
773046605
773047061
773076186
773078093
773124309
773125150
773126218
773137694
773137877
773138070
773138889
773139021
773139162
773139580
773139786
773139989
773185780
773186837
773240341
773240936
773292489
773292694
773293386
773293620
773294440
773294613
773384222
773489144
773489396
773489997
773490453
773491230
773491530
773513878
773514292
773515797
773612694
773613645
773613786
773614613
773726673
773726930
773727476
773727509
773728504
773728842
821048778
821050053
821050894
821102486
821103348
821103562
821103980
834746006
834747082
834747500
851540196
851540614
851646342
851647204
852523205
852524046
852583830
852584556
852584906
852584974
852585524
852585733
852636942
852637125
852637334
852638410
852638828
852639237
852689874
852690378
852690420
852691432
852691564
852691606
852691909
852692532
852692750
873851212
873903436
873904716
873956308
873958220
874176980
874178892
874392276
874392908
874894214
875221476
875221894
875328902
875330182
875383268
875383686
875435910
875436772
875745644
875746062
875836874
875838149
875838990
875884997
875885206
875885838
875886700
875887109
875890582
875891444
875891658
875892076
875938250
875938292
875940404
875940622
875991528
875991796
875992837
875993614
876142998
876144910
876265925
876266766
876266804
876268293
876372434
876374260
876374542
876375301
876479442
876479946
876479988
876481000
876481132
876481174
876481477
876482100
876482318
885232580
885615044
885668548
886110284
886170068
886172180
886223304
886223572
886277452
886277908
886385364
886385996
886597844
886711764
886712776
886712908
886713876
887157382
887214564
887216676
887263972
887428998
887429860
887648706
887650532
887702918
887704868
887755714
887756260
887757446
887758372
888205556
888206597
888259013
888259854
888259892
888261381
888312470
888313396
888314373
888419598
888419781
888419990
888421066
888421484
888421893
888472530
888473034
888473076
888474088
888474220
888474262
888474565
888475188
888475406
888694892
888695301
888695860
888799728
888800526
888800564
888800709
888801806
888803077
889442668
889534102
889535178
889535596
889570198
889571692
889581812
889582026
889584142
889631434
889631852
889688552
889688726
889689029
889689652
889689870
889690732
889840022
889873814
889874676
889874890
889885428
889885642
889886060
889909701
889909910
889910324
889910542
889911404
889962954
889962996
889965108
889965326
890008726
890009802
890069458
890071148
890071493
890071702
890072116
890072334
890122962
890123508
890123722
890124520
890124997
890125838
890177430
890178292
890178506
890178924
901837002
901890506
901890548
901892660
901892878
901902789
901903412
901903630
901904901
901951720
901952197
901953038
902010629
902011406
902104982
902105844
902106058
902106476
902116050
902116596
902116810
902117608
902118085
902118926
902328530
902330565
902331406
902392334
902393093
902443248
902444084
902444302
902444485
902446597
902497234
902497738
902497780
902498792
902498924
902498966
902499269
902499892
902500110
914551012
914609030
914609444
914610724
914704868
914705286
914716038
914717732
914765446
914822082
914822628
914823814
914824740
914975110
915019654
915020516
915042754
915044998
915045412
915096966
915098916
915470350
915530134
915531828
915532037
915575272
915575540
915576581
915577358
915600022
915600436
915601925
915653893
915698838
915699914
915700741
915759570
915761669
915812801
915813074
915813620
915813637
915814632
915866096
915866894
915866932
915867077
915868174
915869445
915957910
916063186
916063690
916063732
916064744
916064876
916064918
916065221
916065844
916066062
916089358
916090117
952218324
952220236
952707796
952708428
954249925
954250766
954307222
954307530
954307948
954308148
954308357
954309134
954742030
954742213
954742422
954743498
954743916
954744325
954794962
954795466
954795508
954796520
954796652
954796694
954796997
954797620
954797838
985723077
985723918
985776581
985777422
985777460
985778949
985788874
985789701
985838282
985838700
985839109
985895400
985897477
985937098
985990098
985990602
985990644
985991656
985991788
985991830
985992133
985992756
985992974
986001648
986002484
986002702
986002885
986004997
986215574
986216650
986217477
986276306
986278405
986329537
986329810
986330356
986330373
986331368
986382832
986383630
986383668
986383813
986384910
986386181
1011061580
1011188692
1011190604
1011201356
1011201556
1011413204
1011475732
1011476812
1011477012
1011493588
1011494220
1011528136
1011529236
1011530316
1011582284
1011582740
1011629132
1011688916
1011689928
1011690060
1011691028
1012986382
1013043564
1013043764
1013043973
1013092972
1013232330
1013232748
1013233157
1013289448
1013291525
1013473746
1013475572
1013475854
1013476613
1013511220
1013512300
1013512709
1013564677
1013580754
1013581258
1013581300
1013582312
1013582444
1013582486
1013582789
1013583412
1013583630
1013618437
1013619214
1013723585
1013723858
1013724404
1013724421
1013725416
1013776880
1013777678
1013777716
1013777861
1013778958
1013780229
1040380012
1040437812
1040438030
1040511178
1040517014
1040517876
1040518090
1040518508
1040528082
1040528628
1040528842
1040529640
1040530117
1040530958
1040564682
1040564724
1040566836
1040567054
1040576965
1040577588
1040577806
1040579077
1040625896
1040626373
1040627214
1040684805
1040685582
1040773270
1040836660
1040836878
1040844694
1040845556
1040845770
1040846188
1040867794
1040869484
1040869829
1040870038
1040870452
1040870670
1040880104
1040880278
1040880581
1040881204
1040881422
1040882284
1040905477
1040906766
1040957893
1040958734
1040958772
1040960261
1041002706
1041004741
1041005582
1041066510
1041067269
1041117424
1041118260
1041118478
1041118661
1041120773
1041171410
1041171914
1041171956
1041172968
1041173100
1041173142
1041173445
1041174068
1041174286
1102206377
1102207657
1103197370
1103198859
1103199277
1103304169
1103304373
1103304378
1103304587
1103305449
1103306285
1106277011
1106277557
1106277771
1106278633
1106279045
1106279466
1106331066
1106332341
1106332555
1106332973
1106383601
1106384120
1106384173
1106384773
1106385547
1106386474
1118979514
1118980789
1118981003
1118981421
1133602997
1133603211
1133647337
1133647541
1133647546
1133647755
1133648617
1133649453
1133670641
1133671813
1133673099
1133673514
1133724563
1133725067
1133725109
1133726185
1133726253
1133726394
1133726597
1133726780
1133727018
1152665018
1152666293
1152666507
1152666925
1166143674
1166145581
1166209257
1166210093
1166266616
1166267061
1166267275
1166267452
1166267690
1166268970
1166362042
1166363317
1166363531
1166363949
1166373523
1166374069
1166374283
1166375145
1166375557
1166375978
1166423273
1166423691
1166480113
1166480632
1166480685
1166481285
1166482059
1166482986
1166633141
1166633355
1166677481
1166677685
1166677690
1166677899
1166678761
1166679597
1166700785
1166701957
1166703243
1166703658
1166754707
1166755211
1166755253
1166756329
1166756397
1166756538
1166756741
1166756924
1166757162
1169223861
1169224075
1169225770
1169277370
1169279277
1169347461
1169348712
1169453297
1169454469
1169507219
1169507723
1169507765
1169508841
1169508909
1169509050
1169509253
1169509436
1169509674
1169560211
1169560513
1169560636
1169560874
1169562245
1169562728
1169711507
1169713197
1169713338
1169713541
1169834481
1169834674
1169835188
1169835397
1169836280
1169836586
1214829237
1214829451
1214829869
1215043049
1215043253
1215043258
1215043467
1215044329
1215045165
1219777961
1219779241
1223741929
1223742138
1223742341
1223742524
1223742762
1223744045
1223955185
1223955704
1223955757
1223956357
1223957131
1223958058
1224230330
1224231605
1224231819
1224232237
1235341737
1235407529
1235514537
1235571377
1235571896
1235777705
1235899057
1235899576
1239478505
1239478917
1239479338
1239535864
1239538218
1239585419
1239586346
1239692333
1239692933
1239749267
1239749569
1239749692
1239749930
1239751301
1239751784
1239970033
1239971205
1240023955
1240024459
1240024501
1240025577
1240025645
1240025786
1240025989
1240026172
1240026410
1240076947
1240077249
1240077372
1240077610
1240078981
1240079464
1243934953
1243935371
1243944425
1243944629
1243944634
1243944843
1243945705
1243946541
1243992312
1243992965
1243993389
1243994666
1244041961
1244042797
1244197045
1244197259
1244250554
1244252461
1244284346
1244285621
1244285835
1244286253
1244320233
1244320442
1244320645
1244320828
1244321066
1244322349
1244426481
1244426899
1244427450
1244427653
1244428933
1244429357
1244480403
1244480907
1244480949
1244482025
1244482093
1244482234
1244482437
1244482620
1244482858
1244533489
1244534008
1244534061
1244534661
1244535435
1244536362
1253109946
1253110149
1253111853
1253163403
1253163445
1253165116
1253165354
1253232888
1253235242
1253339585
1253342250
1253392881
1253393074
1253393588
1253393797
1253394680
1253394986
1253446291
1253446593
1253446716
1253446954
1253448325
1253448808
1253599413
1253599627
1253720979
1253721483
1253721525
1253722601
1253722669
1253722810
1253723013
1253723196
1253723434
1266794938
1266796845
1266806965
1266807179
1266808874
1266848489
1266849325
1266872971
1266873386
1266930565
1266931816
1266971787
1267024787
1267025291
1267025333
1267026409
1267026477
1267026618
1267026821
1267027004
1267027242
1267036401
1267037573
1267086381
1267086981
1267143315
1267143617
1267143740
1267143978
1267145349
1267145832
1267234955
1267294611
1267296301
1267296442
1267296645
1267340017
1267340536
1267340589
1267341189
1267341963
1267342890
1267364289
1267364499
1267366533
1267417585
1267417778
1267418292
1267418501
1267419384
1267419690
1278481897
1278482101
1278482106
1278482315
1278483177
1278484013
1278529784
1278530437
1278530861
1278532138
1278788026
1278789933
1279017875
1279018379
1279018421
1279019497
1279019565
1279019706
1279019909
1279020092
1279020330
1294061869
1294127661
1294218473
1294218891
1294267013
1294267437
1294275313
1294275832
1294275885
1294276485
1294277259
1294278186
1294324796
1294325034
1294325864
1294373515
1294374442
1294493877
1294494091
1294528698
1294528901
1294530605
1294582155
1294582197
1294583868
1294584106
1294615443
1294615947
1294615989
1294617065
1294617133
1294617274
1294617477
1294617660
1294617898
1294651640
1294653994
1294758337
1294761002
1294811633
1294811826
1294812340
1294812549
1294813432
1294813738
1294865043
1294865345
1294865468
1294865706
1294867077
1294867560
1357927850
1357929125
1373664426
1373721475
1373722021
1373723306
1373723692
1373771429
1373771434
1387296933
1387350437
1387350442
1387418499
1387419045
1387420330
1387420716
1400993957
1400993962
1401058469
1401058474
1401115105
1401115314
1401115828
1401116904
1420874154
1421104003
1421104549
1421105834
1421106220
1421363621
1421363626
1436610730
1436668325
1436669996
1436733672
1436734117
1436734508
1436840579
1436841125
1436897761
1436897970
1436898484
1436899560
1436947169
1436947688
1437102258
1437102467
1437104293
1437155762
1437157556
1437225200
1491128997
1491343013
1491343018
1491620739
1491621285
1491622570
1491622956
1520496805
1520554164
1520554410
1520556076
1520620202
1520620588
1520726241
1520726659
1520727210
1520783600
1520833249
1520833768
1520988547
1520990378
1521041842
1521043636
1521111521
1521111730
1521112244
1521113320
1545917093
1545917098
1546178981
1546178986
1546408417
1546408626
1546409140
1546410216
1626367386
1626368661
1626369293
1626473976
1626474389
1626475465
1626476092
1636988088
1636988297
1637041592
1637043081
1641051290
1641053197
1641112981
1641114057
1641114125
1641114266
1641114684
1641114890
1641165884
1641166093
1641166485
1641167561
1641167976
1641168394
1641219025
1641219388
1641219529
1641219764
1641219994
1641220757
1641220856
1641221480
1641221901
1653761429
1653762505
1653763132
1687347672
1687348508
1687561688
1687563804
1689313690
1689315597
1689436617
1689437077
1689437453
1689438568
1689438780
1689438986
1689544085
1689545161
1689545229
1689545370
1689545788
1689545994
1689650129
1689650492
1689650633
1689650868
1689651098
1689651861
1689651960
1689652584
1689653005
1703997594
1703999501
1704059285
1704060988
1704061194
1704104602
1704105738
1704106509
1704106600
1704129173
1704131082
1704182452
1704183050
1704227989
1704229065
1704229898
1704288721
1704288914
1704289460
1704290552
1704290826
1704342225
1704342794
1704395504
1704396045
1704397325
1704397416
1704397466
1704398602
1704487061
1704592337
1704592700
1704592841
1704593076
1704593306
1704594069
1704594168
1704594792
1704595213
1704616176
1704618088
1704618509
1704618650
1704619274
1747309240
1747309449
1747637129
1747744137
1747745417
1747797432
1747798921
1747850936
1747851145
1749398232
1749399068
1749673244
1749674524
1749726748
1749779416
1749780252
1749886424
1749888540
1751241276
1751241485
1751429833
1751430669
1751487130
1751488266
1751489037
1751489128
1751672218
1751673493
1751674125
1751708105
1751708314
1751708732
1751708938
1751710221
1751761400
1751761588
1751762189
1751763722
1751778808
1751779221
1751780297
1751780924
1751814805
1751814904
1751815528
1751815949
1751921361
1751921912
1751921933
1751924234
1751974865
1751975228
1751975369
1751975604
1751975834
1751976597
1751976696
1751977320
1751977741
1754514328
1754621336
1754674840
1756426633
1756479928
1756549816
1756550440
1756656273
1756656824
1756709777
1756710281
1756711608
1756712232
1756764809
1756765736
1757038008
1757039497
1758524444
1758585304
1758585492
1758638808
1758639432
1758693916
1758694216
1758737624
1758799132
1758799508
1758800600
1758801224
1759127000
1759129116
1760620792
1760623114
1760674249
1760675082
1760676200
1760727706
1760728842
1760729613
1760729704
1760834620
1760834826
1760836712
1760887536
1760888077
1760889357
1760889448
1760889498
1760890634
1761109397
1761110473
1761110541
1761110682
1761111100
1761111306
1761215441
1761215804
1761215945
1761216180
1761216410
1761217173
1761217272
1761217896
1761218317
1770123448
1770247049
1770247464
1770248744
1770341816
1770343305
1770353297
1770354057
1770355752
1770403465
1770461833
1770462760
1770613129
1770657464
1770657673
1770683017
1770683432
1770734481
1770734985
1770736312
1770736936
1774253069
1774305784
1774305972
1774306573
1774308106
1774318025
1774318858
1774319720
1774367433
1774367848
1774368266
1774426634
1774466249
1774519249
1774519612
1774519753
1774519988
1774520218
1774520981
1774521080
1774521704
1774522125
1774531853
1774534154
1774744725
1774745801
1774746634
1774805457
1774805650
1774806196
1774807288
1774807562
1774858961
1774859530
1774912240
1774912781
1774914061
1774914152
1774914202
1774915338
1778635324
1778726136
1778726549
1778727625
1778762232
1778762645
1778764348
1778774473
1778774682
1778775100
1778776168
1778776589
1778823881
1778881173
1778881272
1778881896
1778882317
1779032469
1779034172
1779066261
1779067337
1779067964
1779078089
1779078716
1779101944
1779102357
1779102989
1779155401
1779155636
1779155866
1779156284
1779157352
1779157773
1779201173
1779202249
1779261905
1779262644
1779262874
1779263736
1779264149
1779264781
1779315409
1779315772
1779316169
1779316378
1779317864
1779318285
1779369464
1779369877
1779370953
1779371580
1787883669
1787945140
1787945370
1787947277
1787990677
1787990776
1787991400
1787991821
1788015258
1788015882
1788016744
1788017165
1788069133
1788070666
1788113105
1788114074
1788115981
1788174576
1788176488
1788176909
1788177050
1788177674
1788228877
1788231178
1788281809
1788282172
1788282313
1788282548
1788282778
1788283541
1788283640
1788284264
1788284685
1788478968
1788479381
1788480457
1788481084
1788502481
1788503220
1788503450
1788504312
1788504725
1788505357
1813234460
1813311704
1813325272
1813327388
1813373588
1813374236
1813375304
1813427528
1813427740
1813428808
1813482012
1813482312
1813677016
1813677852
1813702984
1813703196
1813802012
1813914908
1813915284
1813916376
1813917000
1815146765
1815200060
1815269736
1815269948
1815270154
1815360209
1815360760
1815360781
1815363082
1815409724
1815409930
1815410792
1815413713
1815414076
1815414217
1815414452
1815414682
1815415445
1815415544
1815416168
1815416589
1815463181
1815464714
1815517706
1815667093
1815668796
1815669002
1815790260
1815790858
1815896529
1815896722
1815897268
1815898360
1815898634
1816003312
1816003853
1816005133
1816005224
1816005274
1816006410
1828843580
1828966760
1828967181
1829040329
1829045752
1829046165
1829047241
1829047868
1829057233
1829057596
1829057993
1829058202
1829059688
1829060109
1829093833
1829094068
1829094298
1829094716
1829095784
1829096205
1829106957
1829108234
1829155944
1829156365
1829212826
1829213962
1829214733
1829214824
1829302421
1829363892
1829364122
1829366029
1829373432
1829373845
1829374921
1829375548
1829396945
1829397684
1829397914
1829398776
1829399189
1829399821
1829409429
1829409528
1829410152
1829410573
1829434010
1829434634
1829435496
1829435917
1829487885
1829489418
1829531857
1829532826
1829534733
1829593328
1829595240
1829595661
1829595802
1829596426
1829647629
1829649930
1829700561
1829700924
1829701065
1829701300
1829701530
1829702293
1829702392
1829703016
1829703437
1890735528
1892772500
1892773132
1892824520
1892826636
1892878228
1892879304
1893816996
1894806917
1894808202
1894808620
1894859666
1894860170
1894860212
1894861288
1894861356
1894861701
1894912961
1894913324
1894913716
1894913930
1894914693
1894914792
1904432552
1904433832
1908492980
1908493194
1908493612
1908503186
1908503732
1908503946
1908504808
1908505221
1908552936
1908553354
1908609776
1908610348
1908610949
1908611722
1921209764
1921211044
1922132148
1922132357
1922176488
1922176901
1922178604
1922200001
1922200756
1922200970
1922201832
1922202245
1922253296
1922254213
1922255404
1922255754
1954904708
1955010436
1955231108
1955285892
1955719436
1955763144
1955763980
1955789324
1955840456
1955840916
1955841292
1955888140
1955947924
1955949000
1955949068
1956001036
1956001428
1956002504
1956053968
1956054472
1956055700
1956056844
1956251540
1956252616
1956274640
1956276884
1956277516
1956991874
1956992420
1957041828
1957251492
1957319136
1957319554
1957321380
1957753221
1957754924
1957806474
1957806516
1957876404
1957982657
1957982866
1957983412
1957984488
1958035952
1958036869
1958089456
1958091402
1958240658
1958242484
1958363585
1958365740
1971439916
1971450036
1971450250
1971491560
1971492396
1971516042
1971573637
1971614858
1971667858
1971668362
1971668404
1971669480
1971669548
1971669893
1971679472
1971680645
1971729452
1971730053
1971786386
1971786689
1971788421
1971878026
1971937682
1971939372
1971939717
1971983088
1971983660
1971984261
1971985034
1972007361
1972007570
1972009605
1972060656
1972061573
2022013576
2022119304
2022339976
2022394760
2024100528
2024100737
2024101288
2024150696
2024360360
2024428417
2024430248
2025964436
2025966348
2025977100
2026026508
2026082964
2026083272
2026084876
2026178452
2026179528
2026189520
2026190280
2026192396
2026404876
2026464660
2026465736
2026465804
2026517772
2026518164
2026519240
2026570704
2026571208
2026572436
2026573580
2028008074
2028008492
2028065256
2028114565
2028114664
2028221121
2028221672
2028278418
2028279084
2028499393
2028499602
2028500148
2028501224
2028552688
2028553605
2028606192
2028608138
2055324084
2055325996
2055336325
2055378476
2055401704
2055402117
2055459722
2055500933
2055553520
2055554437
2055555628
2055555978
2055565761
2055565970
2055566730
2055615169
2055615532
2055616138
2055672560
2055674506
2055764101
2055825452
2055825802
2055869377
2055869740
2055870132
2055870346
2055871109
2055871208
2055893232
2055895690
2055946689
2055947154
2055947658
2080716436
2080717512
2080752532
2080764360
2080766476
2080813768
2080871060
2080872204
2081022356
2081056148
2081057224
2081067976
2081092244
2081092876
2081145288
2081147660
2081191060
2081192136
2081251792
2081254036
2081254668
2081305296
2081306056
2081308172
2081359764
2081360840
2082748037
2082748042
2082795752
2082804464
2082804673
2082805224
2082806405
2082806410
2082807340
2082854188
2082902661
2082902666
2082903596
2083023237
2083023242
2083057844
2083111301
2083111306
2083113260
2083144176
2083144594
2083145093
2083145098
2083146420
2083147052
2083183148
2083287280
2083290156
2083340737
2083342892
2083394194
2083394860
2172167507
2172168787
2176955514
2176955927
2176957003
2177443283
2177444563
2177444981
2177444986
2177445195
2177445399
2180035283
2180035701
2180035915
2180036122
2180036713
2180037189
2180089210
2180089623
2180090485
2180090699
2180523250
2180523287
2180524273
2180524619
2180525381
2180525594
2188682579
2188683859
2190664983
2190665845
2190666059
2190878163
2190879443
2190879861
2190879866
2190880075
2190880279
2196824531
2196825142
2196825370
2196826234
2196826437
2196826647
2196931962
2196932375
2196933237
2196933451
2197038322
2197038359
2197039345
2197039691
2197040453
2197040666
2203181395
2203234899
2203366483
2203427954
2203428977
2203641939
2203755634
2203756657
2211508435
2211509274
2211510341
2211569906
2211572250
2211623153
2211624261
2211677139
2211677515
2211677557
2211677750
2211677978
2211678569
2211678743
2211678842
2211679045
2211722263
2211724357
2211783734
2211783962
2211784338
2211784809
2211785153
2211785285
2211997771
2211998746
2212111414
2212111642
2212112018
2212112489
2212112833
2212112965
2222228858
2222229271
2222230133
2222230347
2235691130
2235691543
2235798133
2235798347
2235925882
2235926295
2235927157
2235927371
2235937491
2235937909
2235938123
2235938330
2235938921
2235939397
2236149971
2236150807
2236211442
2236212278
2236212506
2236213365
2236213579
2236213786
2236229075
2236230355
2236230773
2236230778
2236230987
2236231191
2236264689
2236265797
2236266010
2236267083
2236318675
2236319051
2236319093
2236319286
2236319514
2236320105
2236320279
2236320378
2236320581
2236363987
2236365899
2236425458
2236425495
2236426481
2236426827
2236427589
2236427802
2238771317
2238771531
2238771738
2238824826
2238825239
2238878057
2238878231
2238878330
2238878533
2239017201
2239018309
2239071187
2239071563
2239071605
2239071798
2239072026
2239072617
2239072791
2239072890
2239073093
2239292050
2239293765
2239398385
2239398642
2239399028
2239399237
2239400056
2239400474
2239505462
2239505690
2239506066
2239506537
2239506881
2239507013
2251473274
2251473687
2251564499
2251565779
2251566197
2251566202
2251566411
2251566615
2251612402
2251613463
2251614533
2251614746
2251719635
2251720011
2251720053
2251720246
2251720474
2251721065
2251721239
2251721338
2251721541
2266095895
2266141301
2266141515
2266165370
2266165573
2266165783
2266218827
2266218869
2266219062
2266219290
2266248403
2266250315
2266297367
2266298437
2266309874
2266309911
2266310897
2266311243
2266312005
2266312218
2266358418
2266358838
2266359066
2266411457
2266412570
2266464753
2266465010
2266465396
2266465605
2266466424
2266466842
2266556439
2266661843
2266662219
2266662261
2266662454
2266662682
2266663273
2266663447
2266663546
2266663749
2266685682
2266688026
2266785867
2266786842
2266899510
2266899738
2266900114
2266900585
2266900929
2266901061
2289599866
2289600279
2289601141
2289601355
2304873077
2304873291
2305304019
2305305299
2305305717
2305305722
2305305931
2305306135
2305339633
2305340741
2305340954
2305342027
2305393619
2305393995
2305394037
2305394230
2305394458
2305395049
2305395223
2305395322
2305395525
2316497013
2316497227
2316550522
2316550935
2316628179
2316630091
2316641747
2316643027
2316643445
2316643450
2316643659
2316643863
2316689650
2316690711
2316691781
2316691994
2316742897
2316743802
2316744005
2316744215
2316744809
2316745285
2316796883
2316797259
2316797301
2316797494
2316797722
2316798313
2316798487
2316798586
2316798789
2316993914
2316994327
2316995189
2316995403
2317017555
2317018166
2317018394
2317019258
2317019461
2317019671
2317117651
2317118487
2317231346
2317231383
2317232369
2317232715
2317233477
2317233690
2322657402
2322657605
2322657815
2322710859
2322710901
2322711094
2322711322
2322764405
2322764619
2322903489
2322904602
2322956785
2322957042
2322957428
2322957637
2322958456
2322958874
2323177714
2323180058
2323284947
2323285323
2323285365
2323285558
2323285786
2323286377
2323286551
2323286650
2323286853
2323391542
2323391770
2323392146
2323392617
2323392961
2323393093
2336342394
2336342807
2336354421
2336354635
2336354842
2336404043
2336461161
2336461335
2336461434
2336461637
2336535627
2336588755
2336589131
2336589173
2336589366
2336589594
2336590185
2336590359
2336590458
2336590661
2336600305
2336601413
2336778451
2336779287
2336814106
2336815179
2336875154
2336876869
2336892146
2336892183
2336893169
2336893515
2336894277
2336894490
2336928193
2336929897
2336930373
2336981489
2336981746
2336982132
2336982341
2336983160
2336983578
2337027095
2337029189
2337088566
2337088794
2337089170
2337089641
2337089985
2337090117
2431685994
2431686407
2431687269
2432173554
2432175043
2432175461
2432175670
2439558258
2439558467
2439611762
2439613251
2447422570
2447422983
2447479747
2447480165
2447480374
2447480586
2447481351
2447481450
2447914038
2447914247
2447914642
2447915715
2447916133
2447916554
2447967542
2447967683
2447968146
2447968737
2447968869
2447969010
2447969396
2447969642
2447970055
2450909298
2450909507
2450961731
2450963011
2451015026
2451016515
2451237187
2451450994
2451451203
2456130914
2456406370
2456566882
2456875331
2456928626
2457121906
2457122913
2457175363
2457175826
2457176417
2457176690
2457396498
2457397362
2457503090
2457504579
2457610819
2457611794
2458113318
2458114598
2458220770
2458221606
2458326498
2458328614
2458549286
2458601954
2458602790
2459035702
2459035911
2459080042
2459080455
2459081317
2459103683
2459104310
2459104522
2459105386
2459105799
2459156978
2459157767
2459158644
2459159306
2459203779
2459204615
2459265130
2459265543
2459265682
2459266314
2459317490
2459317511
2459318497
2459319818
2459370806
2459370947
2459371410
2459372001
2459372133
2459372274
2459372660
2459372906
2459373319
2459567602
2459569091
2459569509
2459569718
2459592082
2459592805
2459592946
2459593991
2464216102
2464272866
2464274532
2464429282
2464486694
2464487298
2464488162
2464488548
2464707970
2464708834
2464762406
2464762754
2464814562
2464816678
2465263858
2465266186
2465317315
2465317778
2465318154
2465371075
2465371493
2465371702
2465371914
2465372679
2465372778
2465477686
2465477898
2465478290
2465531143
2465532144
2465532423
2465532522
2465532562
2465533706
2465753194
2465753607
2465753746
2465754378
2465858870
2465859011
2465859474
2465860065
2465860197
2465860338
2465860724
2465860970
2465861383
2470572146
2470679363
2470806898
2470808387
2470819139
2470819346
2470819937
2471093522
2471094595
2471094802
2471111794
2471112003
2471147026
2471148099
2471200067
2471200530
2471201121
2471201394
2471246915
2471307843
2471308818
2478896135
2478948850
2478949639
2478950516
2478951178
2478961091
2478961298
2478961930
2479010499
2479010917
2479011338
2479067617
2479067890
2479068276
2479069288
2479069706
2479109315
2479162678
2479162819
2479163282
2479163873
2479164005
2479164146
2479164532
2479164778
2479165191
2479174919
2479177226
2479387794
2479388867
2479389706
2479450634
2479502602
2479503585
2479555847
2479556848
2479557127
2479557226
2479557266
2479558410
2489897442
2489898278
2490111458
2490113574
2490421610
2490422023
2490667971
2490668389
2490668598
2490668810
2490669575
2490669674
2490941891
2490942354
2490942727
2490943845
2490944054
2490944266
2491155766
2491155907
2491156370
2491156961
2491157093
2491157234
2491157620
2491157866
2491158279
2506158186
2506158599
2506215781
2506215990
2506216202
2506265189
2506404547
2506404965
2506405386
2506461665
2506461938
2506462324
2506463336
2506463754
2506647658
2506648071
2506648210
2506648842
2506684517
2506684938
2506736906
2506737780
2506753334
2506753475
2506753938
2506754529
2506754661
2506754802
2506755188
2506755434
2506755847
2506789104
2506789522
2506790666
2506791431
2506791530
2506896650
2506897633
2506949895
2506950896
2506951175
2506951274
2506951314
2506952458
2519003362
2519012834
2519014950
2519061378
2519061798
2519062628
2519111206
2519320870
2519353826
2519354662
2519389058
2519390758
2519496066
2519497346
2519497766
2519550502
2519550850
2519602470
2519603074
2519603938
2519604324
2519789831
2519843126
2519912805
2519913014
2519913226
2520003826
2520003847
2520004833
2520006154
2520052370
2520052790
2520053002
2520057142
2520057283
2520057746
2520058337
2520058469
2520058610
2520058996
2520059242
2520059655
2520106247
2520107786
2520158689
2520158962
2520159348
2520160360
2520160778
2520310162
2520311862
2520312074
2520433930
2520434804
2520541706
2520646919
2520647920
2520648199
2520648298
2520648338
2520649482
2533486646
2533552229
2533609588
2533609834
2533610247
2533683395
2533688818
2533690307
2533690725
2533690934
2533700662
2533701059
2533701266
2533701857
2533702762
2533703175
2533736899
2533737362
2533737782
2533738612
2533738858
2533739271
2533750023
2533751306
2533798113
2533799018
2533799431
2533855472
2533855890
2533857034
2533857799
2533857898
2534007186
2534009095
2534016498
2534017987
2534018405
2534018614
2534040978
2534041701
2534041842
2534042887
2534052321
2534052594
2534052980
2534053226
2534053639
2534054501
2534077074
2534077706
2534078570
2534078983
2534130951
2534132490
2534175890
2534177799
2534238314
2534238727
2534238866
2534239498
2534290695
2534293002
2534343990
2534344131
2534344594
2534345185
2534345317
2534345458
2534345844
2534346090
2534346503
2556990403
2556990821
2556991030
2583941477
2583941686
2584032498
2584033987
2584034405
2584068594
2584070501
2584070710
2584080835
2584081042
2584081462
2584082538
2584082951
2584130243
2584130661
2584187361
2584187634
2584188020
2584188266
2584188679
2584189541
2584340534
2584373699
2584374326
2584384451
2584384869
2584385078
2584408306
2584409351
2584410213
2584461763
2584462226
2584462646
2584463476
2584463722
2584464135
2584508611
2584569234
2584569957
2584570098
2584571143
2584622134
2584622531
2584622738
2584623329
2584624234
2584624647
2584675826
2584677315
2584677733
2584677942
2590044261
2590101620
2590101866
2590102279
2590290145
2590291050
2590291463
2590347504
2590347922
2590349066
2590349831
2590349930
2590533010
2590533733
2590533874
2590534919
2590569106
2590569738
2590570602
2590571015
2590622983
2590624522
2590639602
2590641091
2590641509
2590641718
2590675425
2590675698
2590676084
2590676330
2590676743
2590677605
2590782727
2590785034
2590836022
2590836163
2590836626
2590837217
2590837349
2590837490
2590837876
2590838122
2590838535
2700125530
2700126805
2714809434
2714871125
2714871318
2714872137
2714872410
2715298901
2715298906
2731599957
2731713877
2731714070
2731714889
2731715162
2731813973
2731813978
2758861146
2758968149
2758968154
2759107925
2759108118
2759108937
2759109210
2773545050
2773606741
2773606934
2773659768
2773659977
2773660245
2773713272
2773713524
2773791829
2773792841
2773852625
2773852882
2773853300
2773854328
2774065362
2774066198
2774067285
2774180080
2774279378
2774280401
2786255189
2786255194
2786388053
2786388058
2786501073
2786501330
2786501748
2786502776
2825957973
2826011477
2826011482
2826478933
2826479126
2826479945
2826480218
2839654997
2839655002
2840114261
2840114266
2840175057
2840175314
2840175732
2840176760
2857431125
2857492596
2857492826
2857493014
2857546057
2857546330
2857599352
2857599604
2857677009
2857677914
2857678921
2857738480
2857952278
2857953370
2858066385
2858066642
2858067060
2858068088
2858165458
2858166481
2960696658
2966530644
2967574278
2967575140
2968008130
2968010246
2968062914
2968063332
2968565061
2968565270
2968566346
2968617938
2968618314
2968618356
2968619368
2968619542
2968619845
2969052438
2969053633
2969053765
2969053906
2969054324
2969054538
2974393682
2974394962
2982250262
2982251124
2982251338
2982261458
2982261876
2982262090
2982262888
2982263365
2982687954
2982689866
2982749462
2982750448
2982750794
2982751557
2990914114
2991240514
2991295298
2991402306
2991817554
2991957330
2991958128
2991958337
2992286017
2992286290
2992385106
2999044452
2999044870
2999055622
2999105030
2999161794
2999162212
2999163398
2999258050
2999258468
2999268802
2999269600
2999270918
2999483398
2999543908
2999544258
2999544326
2999596294
2999597762
2999598180
2999649730
2999650784
2999650916
2999652102
3000038422
3000039498
3000099282
3000152513
3000152786
3000153204
3000154216
3000205808
3000206661
3000251602
3000252609
3000313110
3000313960
3000526917
3000527058
3000641776
3000642122
3024468548
3024794948
3024849732
3024956740
3025371988
3025511764
3025512776
3025838544
3025840456
3025840724
3025939540
3026309894
3026499078
3026555842
3026556260
3026557446
3026741698
3026742534
3026778630
3026829762
3026830598
3026831716
3026848706
3026849124
3026883040
3026884358
3026885220
3026990342
3026991810
3026992228
3027043778
3027044832
3027044964
3027046150
3027300677
3027300886
3027353930
3027353972
3027407208
3027407476
3027546561
3027546834
3027547252
3027548264
3027599856
3027600709
3027822708
3027927489
3027929622
3028035824
3028036170
3040985878
3040997492
3040997706
3041047114
3041104232
3041104406
3041104709
3041178698
3041231826
3041232202
3041232244
3041233256
3041233430
3041233733
3041243376
3041244485
3041421522
3041422358
3041458250
3041519941
3041535254
3041536240
3041536586
3041537349
3041571265
3041572968
3041573445
3041624560
3041625413
3041670166
3041672261
3041732712
3041733057
3041733189
3053703524
3053796034
3053796452
3053832548
3053842882
3053844998
3053892290
3053892708
3053949408
3053950726
3053951588
3054135746
3054146498
3054146916
3054171398
3054172260
3054223810
3054226182
3054270658
3054332004
3054333190
3054384578
3054385376
3054386694
3054439362
3054439780
3054670661
3054670666
3054694516
3054747973
3054747978
3054748438
3054779461
3054779466
3054825682
3054839250
3054840048
3054840257
3054840389
3054840394
3054841366
3054888214
3054940400
3054941718
3054993857
3054995990
3055190512
3055191365
3055191370
3055191830
3055192424
3055192692
3055217174
3055315013
3055315018
3055315990
3055428886
3055429736
3091834196
3091835476
3093402228
3093402437
3093833170
3093835077
3093835286
3093868993
3093869266
3093869684
3093869898
3093871173
3093922288
3093923141
3093924374
3093924682
3124871540
3124871958
3124883781
3124933189
3124990486
3124990794
3125064773
3125117424
3125118277
3125119510
3125119818
3125129665
3125130570
3125131368
3125308438
3125342418
3125344325
3125406026
3125421334
3125422529
3125422661
3125422802
3125423220
3125423434
3125457136
3125459530
3125510593
3125511498
3125512552
3125556246
3125557441
3125558346
3125618928
3125619274
3237004602
3237005877
3237006091
3237218195
3237219057
3237219689
3237219898
3241580081
3241855537
3241962545
3242571283
3242845459
3242846739
3242898545
3242898963
3242952467
3242953329
3243060337
3243060755
3245404691
3245511281
3245651057
3245652545
3245704979
3245705841
3245925426
3245926513
3246032241
3246032434
3246033427
3246033729
3246138643
3246140737
3246642473
3246643753
3246750761
3246855857
3246857769
3247076529
3247078441
3247131313
3247131945
3249600553
3249722033
3249722424
3249829041
3249830529
3249883825
3249884457
3249935657
3249936257
3250088113
3250210225
3250211369
3250211713
3250211896
3250701626
3250702901
3250703115
3250713235
3250713653
3250713867
3250714729
3250715141
3250762857
3250763275
3250819825
3250820216
3250820869
3250821643
3250915219
3250916081
3250916713
3250916922
3250926650
3250926833
3250928321
3250929163
3251139731
3251141643
3251201202
3251202289
3251202571
3251203333
3251254325
3251254539
3251254721
3251256837
3251307834
3251308017
3251308210
3251309161
3251309203
3251309505
3251309688
3251310133
3251310347
3253793009
3253794053
3253846931
3253847307
3253847349
3253848425
3253848634
3253848837
3253899923
3253900225
3253901829
3254006837
3254007051
3254007233
3254009349
3254060346
3254060529
3254060722
3254061673
3254061715
3254062017
3254062200
3254062645
3254062859
3254282345
3254282689
3254282757
3254387952
3254387979
3254388021
3254388161
3254389259
3254390533
3258247281
3258247699
3258353427
3258354289
3266373685
3266373899
3266495379
3266495755
3266495797
3266496873
3266497082
3266497285
3266602387
3266603113
3266603457
3266603531
3266604090
3266604293
3266708794
3266708977
3266709170
3266710121
3266710163
3266710465
3266710648
3266711093
3266711307
3272798321
3272852243
3272944753
3272945171
3272992019
3272993089
3273045313
3273045523
3273046593
3273098609
3273098802
3273099795
3273100097
3273295635
3273296497
3273319474
3273320769
3273320979
3273419795
3273532691
3273534785
3281057803
3281117587
3281119290
3281119493
3281162993
3281163384
3281164037
3281164811
3281187265
3281187475
3281189381
3281240561
3281240754
3281241140
3281241349
3281242232
3281286291
3281287361
3281288197
3281347762
3281349125
3281401093
3281454320
3281454347
3281454389
3281454529
3281455627
3281456901
3281545363
3281651002
3281651185
3281651378
3281652329
3281652371
3281652673
3281652856
3281653301
3281653515
3281676811
3281677573
3291792275
3291793769
3291793978
3305361769
3305361978
3305453203
3305454697
3305489299
3305490793
3305491002
3305500913
3305501754
3305503243
3305550953
3305607827
3305608129
3305608312
3305608757
3305608971
3305609833
3305759123
3305760826
3305792915
3305793777
3305794618
3305804529
3305805161
3305805370
3305828801
3305829011
3305829429
3305829643
3305830505
3305882097
3305882290
3305882938
3305883768
3305884213
3305884427
3305927827
3305989298
3305990249
3305990593
3305990803
3305991221
3305991435
3306042426
3306042609
3306044097
3306044939
3306096531
3306097393
3306098025
3306098234
3308318778
3308441720
3308442165
3308442379
3308532794
3308532977
3308534465
3308535307
3308581313
3308581941
3308582155
3308583429
3308586899
3308587761
3308588393
3308588602
3308634609
3308634802
3308635450
3308636280
3308636725
3308636939
3308689157
3308689931
3308839090
3308841013
3308841227
3308962032
3308962241
3308963083
3308963125
3308964613
3309070859
3309071621
3309176122
3309176305
3309176498
3309177449
3309177491
3309177793
3309177976
3309178421
3309178635
3358905009
3358906921
3359394481
3359395113
3362837045
3362837259
3363082899
3363083201
3363083625
3363083834
3363084037
3363084811
3363357587
3363357963
3363358005
3363359081
3363359290
3363359493
3363571002
3363571185
3363571378
3363572329
3363572371
3363572673
3363572856
3363573301
3363573515
3374651057
3374652969
3374699393
3374699817
3374749225
3374903473
3374958889
3374992049
3374992681
3375027073
3375027256
3375028777
3375134081
3375135361
3375135785
3375187377
3375188521
3375188865
3375189048
3375240489
3375241089
3378573835
3378631017
3378631226
3378631429
3378680425
3378819777
3378820201
3378820613
3378877560
3378878981
3379061938
3379063025
3379063307
3379064069
3379098049
3379099753
3379100165
3379151345
3379151538
3379151924
3379152133
3379153016
3379168570
3379168753
3379168946
3379169897
3379169939
3379170241
3379170424
3379170869
3379171083
3379205893
3379206667
3379311877
3379365104
3379365131
3379365173
3379365313
3379366411
3379367685
3392204853
3392205067
3392258362
3392328041
3392328250
3392328453
3392418869
3392419083
3392419265
3392421381
3392468026
3392468229
3392472378
3392472561
3392472754
3392473705
3392473747
3392474049
3392474232
3392474677
3392474891
3392520432
3392520641
3392521483
3392521525
3392523013
3392574584
3392576005
3392725395
3392727098
3392727301
3392848369
3392848562
3392848948
3392849157
3392850040
3392955570
3392956933
3393062128
3393062155
3393062197
3393062337
3393063435
3393064709
3405901882
3405967465
3406024824
3406025269
3406025483
3406104467
3406105329
3406105961
3406106170
3406115898
3406116081
3406117569
3406118411
3406152177
3406152370
3406153018
3406153848
3406154293
3406154507
3406164417
3406165045
3406165259
3406166533
3406213825
3406214667
3406272261
3406273035
3406360723
3406422194
3406424117
3406424331
3406432147
3406433009
3406433641
3406433850
3406455986
3406456937
3406457281
3406457491
3406457909
3406458123
3406467731
3406468033
3406468216
3406468661
3406468875
3406469737
3406492933
3406494219
3406545136
3406545345
3406546187
3406546229
3406547717
3406592193
3406593035
3406653963
3406654725
3406705717
3406705931
3406706113
3406708229
3406759226
3406759409
3406759602
3406760553
3406760595
3406760897
3406761080
3406761525
3406761739
3497301763
3497302625
3497575730
3497577219
3497790817
3497791026
3501480609
3504887202
3505443715
3505444133
3505445418
3505657130
3505657313
3505657522
3505658499
3505658984
3505659429
3505931651
3505932769
3505932837
3505932978
3505933364
3505933610
3508918817
3509245217
3509407009
3509460513
3512849155
3513038339
3513095521
3513095730
3513096707
3513281586
3513281795
3513317891
3513369859
3513370977
3513371186
3513388385
3513388594
3513422960
3513423619
3513424481
3513529394
3513529603
3513531489
3513582898
3513584225
3513584752
3513585411
3517273505
3517275176
3517322913
3517532577
3517600944
3517602465
3517602856
3521180291
3521180709
3521237473
3521237682
3521238068
3521239144
3521286881
3521287272
3521393706
3521393889
3521451248
3521451301
3521673441
3521726704
3521727018
3521778740
3521780355
3525696034
3526022434
3526184226
3526237730
3526546179
3526638689
3526639107
3526685955
3526692193
3526692402
3526739250
3526740080
3526740739
3526792545
3526792754
3526793731
3526945027
3527066883
3527068001
3527068210
3527174241
3527174659
3527175218
3527279922
3527281249
3527281776
3527282435
3534050722
3534051552
3534052388
3534100130
3534309794
3534379682
3534380068
3534811523
3534813226
3534864818
3534866484
3534934497
3534934706
3534935092
3534936168
3535041714
3535095171
3535095912
3535148272
3535148325
3535300645
3535300786
3535423728
3535424042
3540242785
3540242994
3540335713
3540371809
3540372018
3540382770
3540384259
3540431969
3540489328
3540489987
3540490849
3540641842
3540675634
3540686177
3540686386
3540710659
3540711521
3540763954
3540764784
3540765443
3540871265
3540872451
3540923442
3540925955
3540979041
3540979250
3548498213
3548498218
3548508338
3548550693
3548550698
3548573921
3548631280
3548631939
3548726706
3548727536
3548727845
3548727850
3548728195
3548728372
3548738947
3548787749
3548787754
3548788355
3548845108
3548846723
3548997669
3548997674
3548998019
3549041904
3549041957
3549041962
3549042563
3549043425
3549043816
3549067907
3549119875
3549120616
3559675298
3559676578
3560183683
3560184545
3560185386
3560231393
3560231602
3560232234
3560233064
3560233509
3560489394
3560491306
3560719747
3560720624
3560720938
3560721701
3575763242
3575829034
3575920259
3575967969
3575968810
3575977258
3575977441
3575977650
3575978627
3575979112
3575979557
3576025328
3576026405
3576074883
3576075368
3576075813
3576195250
3576195459
3576231978
3576283523
3576285477
3576317315
3576318192
3576318506
3576319269
3576353844
3576354920
3576355365
3576462373
3576514664
3576515109
3576515636
3576567024
3576567077
3626784161
3626785441
3630469857
3630470693
3630712242
3630713731
3630714149
3630748129
3630748338
3630748724
3630748970
3630750245
3630961904
3630961957
3630963331
3630964266
3659649317
3659715109
3659805921
3659806339
3659854885
3659863280
3659863333
3659864707
3659865642
3659912244
3659912490
3659913320
3659960963
3659961898
3660081539
3660116146
3660118053
3660169603
3660171316
3660171562
3660203395
3660204513
3660204581
3660204722
3660205108
3660205354
3660239088
3660241450
3660348458
3660400880
3660401194
3660452916
3660453162
3660455016
3765742161
3769812280
3769813769
3769920145
3769920777
3770025873
3770027576
3771901272
3773883669
3773884745
3773884954
3773989841
3773990217
3773990452
3773990682
3773991445
3773991544
3774096666
3774096849
3774097042
3774097993
3774098552
3774098965
3776309777
3776415505
3776636177
3776851473
3780346705
3780486481
3780486674
3780813936
3780814354
3780815441
3780914257
3784435977
3784480312
3784480521
3784505865
3784557457
3784557833
3784559160
3784604681
3784664465
3784665609
3784666168
3784717368
3784717577
3784717969
3784770872
3784771248
3784772241
3784773385
3784968081
3784969784
3784991920
3784993425
3784994057
3788567573
3788568649
3788628433
3788628626
3788629044
3788630136
3788681937
3788735216
3788737050
3788780570
3788780753
3788842224
3788842261
3789055122
3789056209
3789169716
3789171273
3793134929
3793136209
3801253240
3801253653
3801254729
3801276881
3801277492
3801277722
3801278584
3801278997
3801376977
3801377813
3801490672
3801490709
3801492041
3801493018
3826689368
3826690648
3828531576
3828531994
3828624081
3828624713
3828624922
3828670929
3828671122
3828671770
3828672632
3828673045
3828777712
3828778313
3828778773
3828779546
3843154202
3843199608
3843199817
3843224090
3843277129
3843277589
3843308617
3843354833
3843355674
3843368218
3843368401
3843368594
3843369545
3843370104
3843370517
3843416304
3843417365
3843470869
3843523218
3843524148
3843525141
3843614746
3843719920
3843720521
3843720981
3843721754
3843744402
3843744820
3843746325
3843843218
3843844169
3843845141
3843958000
3843958037
3893750296
3893856024
3894076696
3894291992
3895644937
3895735953
3895737865
3895784713
3895789457
3895791160
3895837360
3895838008
3895839497
3895890577
3895891512
3895892489
3896043785
3896165265
3896165641
3896166968
3896272273
3896273417
3896273976
3896378680
3896379056
3896380049
3896381193
3897787224
3897926352
3897927000
3897927188
3898254868
3898255960
3898354776
3899715913
3899716122
3899769208
3899769396
3899822613
3899822712
3899962488
3900015250
3900015945
3900236241
3900236434
3900236852
3900237944
3900343024
3900344858
3900450032
3900450069
3909341752
3909432977
3909469073
3909470776
3909481528
3909483017
3909587601
3909588745
3909738897
3909740600
3909772689
3909774392
3909785144
3909808785
3909809417
3909862064
3909862712
3909864201
3909907601
3909969072
3909970577
3909971209
3910022200
3910024713
3910076305
3910078008
3913401109
3913401114
3913412728
3913519637
3913519642
3913519945
3913646832
3913647480
3913647668
3913648661
3913648666
3913648969
3913659721
3913837589
3913837594
3913871569
3913933040
3913935177
3913950448
3913950485
3913950490
3913950866
3913951953
3913952585
3913988681
3914039954
3914040649
3914085397
3914085402
3914087497
3914146868
3914148425
3927040277
3927085897
3927109752
3927110165
3927163209
3927163444
3927163674
3927192785
3927194697
3927241749
3927254256
3927254293
3927255625
3927256602
3927302802
3927303220
3927303450
3927356954
3927409392
3927411226
3927500821
3927606225
3927606601
3927606836
3927607066
3927607829
3927607928
3927630064
3927632410
3927730249
3927731226
3927843892
3927844122
3927844498
4030003713
4030057008
4030109441
4030383408
4030384897
4030491905
4030598704
4032146000
4032472400
4033189634
4033190496
4033410306
4033465090
4033516896
4033625602
4033678688
4033987346
4034040641
4034180417
4034180626
4034233712
4034234898
4034235201
4034455873
4034456082
4034561345
4034561810
4034562672
4034667794
4034669121
4034669680
4036162824
4036217608
4036323984
4036324616
4036378120
4036429712
4036650384
4037368480
4037694880
4038183208
4038251393
4038253096
4038358401
4038360104
4038411696
4038412840
4038413185
4038464808
4038465200
4038466177
4038617473
4038739329
4038740656
4038741288
4039244292
4039350020
4039457472
4039732484
4039783872
4039785988
4039838656
4040287508
4040288584
4040341012
4040342088
4040393680
4040394056
4040395284
4040440904
4040500688
4040501832
4040502804
4040715284
4040828180
4040829648
4040830280
4041331586
4041332004
4041381412
4041488002
4041545184
4041546370
4041547300
4041767554
4041767972
4041819522
4041820640
4041820708
4041872676
4041873282
4041874144
4042322369
4042322578
4042322996
4042324072
4042375664
4042376453
4042429168
4042430986
4042536176
4042536197
4042589450
4042589492
4042589633
4042590730
4042592005
4042811632
4042811914
4042917125
4042918405
4042918504
4042918546
4042919690
4043806256
4044026928
4044081712
4044188720
4047630866
4047737456
4047865618
4047866480
4047877232
4047878721
4048090130
4048152688
4048170096
4048170514
4048205121
4048258416
4048259602
4048259905
4048364818
4048366913
4051826728
4051891240
4051948208
4052044464
4052045096
4052055216
4052056705
4052161832
4052162433
4052314288
4052358832
4052360744
4052383105
4052436400
4052437544
4052437889
4055954442
4056007570
4056007946
4056007988
4056009064
4056009477
4056019184
4056020229
4056069637
4056126098
4056126401
4056128005
4056221168
4056222312
4056222354
4056222657
4056223284
4056223498
4056233012
4056233226
4056233409
4056235525
4056448005
4056508520
4056508865
4056508933
4056560901
4056562369
4056614154
4056614196
4056614337
4056615434
4056616709
4060477536
4060583264
4060858720
4061019232
4061327681
4061380976
4061460545
4061473904
4061474113
4061522450
4061574256
4061627713
4061628178
4061629040
4061824368
4061825857
4061848850
4061849712
4062063169
4062064146
4068603940
4068668452
4068725216
4068821472
4068822308
4068833922
4068881632
4068939044
4068939650
4068940512
4069135840
4069137956
4069160322
4069161184
4069214756
4069215106
4069586949
4069648650
4069692353
4069692980
4069693194
4069693957
4069694056
4069716208
4069718538
4069769665
4069770130
4069770506
4069817354
4069877138
4069878282
4069930036
4069930250
4069930642
4069983493
4069984773
4069984872
4069984914
4069986058
4070180148
4070180289
4070180754
4070181616
4070182248
4070182661
4070205544
4070205957
4070206098
4070206730
4094137280
4094357952
4094519744
4094573248
4094882120
4095014984
4095027920
4095028552
4095074768
4095076884
4095128272
4095182152
4095182612
4095378384
4095380296
4095403284
4095502544
4095616464
4095617608
4095618580
4096062082
4096071554
4096072416
4096119264
4096121380
4096168672
4096323970
4096412128
4096412546
4096447780
4096555232
4096607618
4096609572
4096660960
4096662146
4096663076
4096848138
4096971525
4097062154
4097062337
4097062546
4097064040
4097064453
4097110256
4097111301
4097115632
4097116776
4097116818
4097117121
4097117748
4097117962
4097163713
4097164554
4097164596
4097166085
4097217170
4097218100
4097219077
4097370373
4097492229
4097493556
4097599592
4097600005
4097600564
4097705226
4097705268
4097705409
4097706506
4097707781
4110610536
4110668340
4110668554
4110747538
4110748400
4110749032
4110759152
4110760641
4110761482
4110795248
4110797364
4110797578
4110807489
4110808116
4110808330
4110809605
4110856897
4110857738
4110915333
4110916106
4111003794
4111067188
4111067402
4111075218
4111076080
4111076712
4111100008
4111100353
4111100562
4111100980
4111101194
4111110802
4111111105
4111111732
4111111946
4111112808
4111136005
4111137290
4111188417
4111189258
4111189300
4111190789
4111235265
4111236106
4111297034
4111297797
4111348788
4111349002
4111349185
4111351301
4111402480
4111403624
4111403666
4111403969
4111404596
4111404810
4161139344
4161520528
4161627536
4161681040
4163170945
4163180208
4163180417
4163230248
4163432833
4163486128
4163519920
4163521409
4163556016
4163556648
4163663024
4163716481
4163717808
4163718440
4163771009
4163771944
4165071380
4165305296
4165306132
4165319240
4165530644
4165591504
4165608912
4165611028
4165645008
4165645640
4165700116
4165700424
4165743824
4165805332
4165806800
4165807432
4167102981
4167160586
4167349770
4167406952
4167408138
4167592385
4167592453
4167592594
4167593012
4167593226
4167626992
4167629322
4167680449
4167681290
4167682408
4167697716
4167697857
4167698322
4167699184
4167699816
4167700229
4167733906
4167735050
4167735813
4167735912
4167840820
4167841034
4167842920
4167894277
4167895557
4167895656
4167895698
4167896842
4194431028
4194554216
4194554629
4194627777
4194633200
4194634689
4194635316
4194645044
4194645441
4194645650
4194647144
4194647557
4194681281
4194681746
4194682164
4194683240
4194683653
4194694405
4194695690
4194743400
4194743813
4194800274
4194801418
4194802181
4194802280
4194951570
4194953477
4194960880
4194962369
4194962996
4194985362
4194986224
4194987269
4194996976
4194997608
4194998021
4195021458
4195022090
4195022952
4195023365
4195075333
4195076874
4195120274
4195122181
4195182696
4195183109
4195183250
4195183882
4195235077
4195237386
4195288372
4195288513
4195288978
4195289840
4195290472
4195290885
