99676410
99676823
99678317
99783413
99783627
99784045
99784254
100165015
100165877
100166091
100166718
127070453
127070667
127071294
127123962
127124375
127125869
127126078
127231383
127232245
127232459
127233086
127284474
127284887
127285963
127286381
183562485
183562699
183563326
183615994
183616407
183617901
183618110
183776506
183776919
183777995
183778413
197259514
197259927
197261421
197366517
197366731
197367149
197367358
197748119
197748981
197749195
197749822
197801210
197801623
197802699
197803117
224760565
224760779
224761197
224761406
224981237
224981451
224982078
225034746
225035159
225036653
225036862
225195258
225195671
225196747
225197165
238350586
238350999
238352493
238457589
238457803
238458221
238458430
238731770
238732183
238733677
238733886
238839191
238840053
238840267
238840894
367120874
367121287
367122990
367555766
367555975
367556842
367557255
367609270
367610341
367610346
367610550
367610759
367611182
367662570
367662983
367663845
367664686
380817898
380818311
380820014
380925319
380926181
380927022
380978614
380979685
380979690
380979894
380980103
380980526
381306294
381307365
381307370
381307574
381307783
381308206
394514917
394515126
394515758
394517038
394622134
394623205
394623210
394623623
394624046
394728938
394729351
394730213
394731054
394950023
394950885
394951726
395003318
395004389
395004394
395004598
395004807
395005230
451006949
451007158
451007790
451009070
451220970
451221383
451222245
451223086
451442055
451442917
451443758
451495350
451496421
451496426
451496630
451496839
451497262
505795050
505795463
505797166
506122725
506122730
506122934
506123143
506123566
506229942
506230151
506231018
506231431
506283446
506284517
506284522
506284726
506284935
506285358
506336746
506337159
506338021
506338862
634511834
634513741
634513950
634565338
634565756
634565965
634567245
634618837
634618842
634619260
634619678
634620540
634620749
635053530
635054805
635055437
635055646
718397909
718398750
718399612
718400030
718451413
718452045
718452254
718504917
718504922
718505340
718505758
718506620
718506829
718611930
718613205
718613837
718614046
745845461
745846093
745846302
745898965
745898970
745899388
745899806
745900668
745900877
746119642
746121549
746121758
746226645
746226650
746227068
746227486
746228348
746228557
759542485
759542490
759542908
759543326
759544397
759816661
759817502
759818364
759818782
759870165
759870797
759871006
759923669
759923674
759924092
759924510
759925372
759925581
760030682
760031957
760032589
760032798
773186010
773187917
773188126
773239514
773239932
773240141
773241421
773293013
773293018
773293436
773293854
773294716
773294925
773513685
773513690
773514526
773515388
773515597
773727706
773728981
773729613
773729822
888205770
888207886
888259478
888260972
888312773
888312778
888313196
888313614
888314476
888694166
888695237
888695242
888695446
888696078
888801174
888802036
888802250
888802668
901902998
901904492
902009588
902009802
902010220
902391190
902392052
902392266
902444694
902445770
902446188
915599813
915599818
915600654
915601516
915653108
915655438
915761396
915761605
915761814
915762446
915813834
915815109
915815950
915867542
915868404
915868618
915869036
916088214
916089076
916089290
985788660
985789078
985790572
985790990
985895668
985895877
985896718
985897580
986003094
986004170
986004588
986278132
986278341
986278550
986279182
986330570
986331845
986332686
986384278
986385140
986385354
986385772
1013289716
1013289925
1013290766
1013291628
1013510597
1013510602
1013510806
1013511438
1013563892
1013566222
1013617396
1013617610
1013618028
1013724618
1013725893
1013726734
1013778326
1013779188
1013779402
1013779820
1040577174
1040578668
1040683764
1040683978
1040684396
1040904436
1040904650
1040958358
1040959852
1041065366
1041066228
1041066442
1041118870
1041119946
1041120364
1169347049
1169347258
1169347885
1169349165
1169454266
1169455755
1169456173
1169561065
1169561269
1169561274
1169561483
1169562345
1169563181
1169835450
1169836725
1169836939
1169837357
1239536309
1239536523
1239536941
1239750121
1239750325
1239750330
1239750539
1239751401
1239752237
1239971002
1239972491
1239972909
1240077801
1240078005
1240078010
1240078219
1240079081
1240079917
1253233333
1253233547
1253233965
1253340341
1253340555
1253341417
1253341835
1253393850
1253395125
1253395339
1253395757
1253447145
1253447349
1253447354
1253447563
1253448425
1253449261
1266930153
1266930362
1266930989
1266932269
1267037370
1267038859
1267039277
1267144169
1267144373
1267144378
1267144587
1267145449
1267146285
1267365045
1267365050
1267365259
1267366121
1267366957
1267418554
1267419829
1267420043
1267420461
1294324201
1294324405
1294324410
1294324619
1294326317
1294652085
1294652299
1294652717
1294759093
1294759307
1294760169
1294760587
1294812602
1294813877
1294814091
1294814509
1294865897
1294866101
1294866106
1294866315
1294867177
1294868013
1436898730
1436900005
1437226405
1437227690
1520784805
1520786090
1521112490
1521113765
1704128760
1704128969
1704129596
1704129805
1704182264
1704182682
1704183100
1704184589
1704289690
1704290965
1704291597
1704342776
1704342985
1704343194
1704345101
1704396280
1704396693
1704397769
1704398396
1704617365
1704618441
1704619068
1760621205
1760621837
1760674709
1760674714
1760675132
1760676412
1760676621
1760728009
1760728636
1760835017
1760835221
1760835226
1760836297
1760837133
1760888312
1760888725
1760889801
1760890428
1774318229
1774318234
1774318652
1774320141
1774424824
1774425869
1774531832
1774532245
1774533321
1774806426
1774807701
1774808333
1774859512
1774859721
1774859930
1774861837
1774913016
1774913429
1774914505
1774915132
1788015049
1788015676
1788068344
1788068757
1788070460
1788175765
1788176841
1788177468
1788228856
1788229269
1788230345
1815409097
1815409301
1815409306
1815411213
1815462392
1815462805
1815464508
1815515896
1815516941
1815790072
1815790490
1815790908
1815792397
1815897498
1815898773
1815899405
1816004088
1816004501
1816005577
1816006204
1829105912
1829106325
1829213129
1829213756
1829433801
1829434428
1829487096
1829487509
1829489212
1829594517
1829595593
1829596220
1829647608
1829648021
1829649097
1957876200
1957876618
1957877036
1957983626
1957984901
1958038196
1958038410
1958038828
1958090216
1958090629
1958092332
1958364596
1958365672
1958366085
1958366090
1971573224
1971574060
1971575340
1971681930
1971682348
1971787240
1971787444
1971787658
1971788520
1971789356
1972008116
1972008330
1972009192
1972010028
1972062900
1972063114
1972063532
2028065460
2028065669
2028067372
2028279476
2028279685
2028279690
2028280552
2028500362
2028501637
2028554932
2028555146
2028555564
2028606952
2028607365
2028609068
2055459508
2055460140
2055461420
2055566516
2055567592
2055568005
2055568428
2055673320
2055673733
2055675436
2055894405
2055896108
2055947700
2055948776
2055948980
2055949189
2055949612
2082853556
2082853765
2082853770
2083181032
2083181445
2083181450
2083288453
2083288458
2083289733
2083289738
2083341748
2083342824
2083343237
2083343242
2083395252
2083395461
2083395466
2083396328
2211570967
2211571829
2211572043
2211624058
2211624471
2211625547
2211784147
2211785427
2211785845
2211785850
2211786059
2211786263
2212111827
2212113107
2212113525
2212113530
2212113739
2212113943
2239018106
2239018519
2239019595
2239291859
2239292695
2239293562
2239293975
2239399290
2239399703
2239400565
2239400779
2239505875
2239507155
2239507573
2239507578
2239507787
2239507991
2266358227
2266359925
2266359930
2266360139
2266360343
2266411731
2266412149
2266412363
2266413643
2266465658
2266466071
2266466933
2266467147
2266686743
2266687605
2266687819
2266899923
2266901203
2266901621
2266901626
2266901835
2266902039
2322903763
2322904181
2322904395
2322905675
2322957690
2322958103
2322958965
2322959179
2323178775
2323179637
2323179851
2323391955
2323393235
2323393653
2323393658
2323393867
2323394071
2336601210
2336601623
2336602699
2336874963
2336875799
2336876666
2336877079
2336928467
2336928885
2336928890
2336929099
2336929303
2336982394
2336982807
2336983669
2336983883
2337088979
2337090259
2337090677
2337090682
2337090891
2337091095
2465264903
2465265765
2465318198
2465319269
2465319274
2465319478
2465319687
2465478083
2465479363
2465479781
2465479786
2465480199
2465531378
2465532867
2465533285
2465533494
2465753539
2465754166
2478961718
2478962789
2478962794
2478963207
2479068522
2479068935
2479069797
2479174898
2479176387
2479176805
2479450354
2479451399
2479502578
2479502787
2479504490
2479504903
2479556082
2479557571
2479557989
2479558198
2506462570
2506462983
2506463845
2506682610
2506682819
2506683446
2506683655
2506736114
2506736950
2506738026
2506738439
2506789827
2506790245
2506790454
2506896626
2506896835
2506898538
2506898951
2506950130
2506951619
2506952037
2506952246
2520052163
2520053861
2520053866
2520054279
2520105458
2520107365
2520107574
2520159594
2520160007
2520160869
2520433138
2520433974
2520435050
2520435463
2520541426
2520542471
2520647154
2520648643
2520649061
2520649270
2533748978
2533750885
2533856195
2533856613
2533856822
2534076867
2534077494
2534130162
2534132069
2534132278
2534238659
2534239286
2534290674
2534292163
2534292581
2590348227
2590348645
2590348854
2590568899
2590569526
2590622194
2590624101
2590624310
2590782706
2590784195
2590784613
2773853530
2773854805
2774181205
2774182490
2857739605
2857740890
2858067290
2858068565
3000100980
3000101189
3000101398
3000153418
3000154693
3000207126
3000207988
3000208202
3000314578
3000314996
3000315205
3000315210
3000640978
3000642885
3000643094
3027547466
3027548741
3027601174
3027602036
3027602250
3027821010
3027821846
3027822922
3027928018
3027928436
3027929925
3027929930
3028035026
3028036933
3028037142
3041244694
3041245770
3041518034
3041518870
3041520150
3041571538
3041571956
3041572170
3041572374
3041625878
3041626740
3041626954
3041732050
3041733330
3041733748
3041733962
3041734166
3054889076
3054889285
3054889290
3054941509
3054941514
3054942789
3054942794
3054994386
3054994804
3054996293
3054996298
3055215058
3055216965
3055216970
3055430354
3055430772
3055430981
3055430986
3125129938
3125130356
3125130774
3125131845
3125404950
3125405812
3125406230
3125458245
3125458454
3125511122
3125511540
3125511958
3125512820
3125513029
3125618130
3125620037
3125620246
3253793850
3253795339
3253900649
3253900853
3253900858
3253901067
3253901929
3254007443
3254008937
3254281619
3254282899
3254283317
3254283322
3254283531
3254388627
3254389489
3254390121
3254390330
3281187893
3281187898
3281188107
3281188969
3281241402
3281242677
3281242891
3281348849
3281349267
3281349685
3281349899
3281401073
3281403403
3281454995
3281455857
3281456489
3281456698
3281675667
3281676529
3281677370
3308581523
3308583017
3308688113
3308688745
3308688954
3308962707
3308964201
3308964410
3309069715
3309070577
3309071418
3378877169
3378878005
3378878219
3378879081
3379098259
3379098677
3379098682
3379098891
3379152186
3379153461
3379153675
3379204849
3379205481
3379205690
3379311857
3379314187
3379365779
3379366641
3379367273
3379367482
3392467185
3392467603
3392469097
3392469515
3392521107
3392522601
3392522810
3392574193
3392575029
3392575243
3392576105
3392849210
3392850485
3392850699
3392956657
3392957075
3392957493
3392957707
3393062803
3393063665
3393064297
3393064506
3406164627
3406166121
3406271217
3406271849
3406272058
3406491889
3406492730
3406545811
3406547305
3406547514
3406652819
3406653681
3406654522
3406706323
3406707817
3521238314
3521239589
3521451907
3521452769
3521453610
3521672370
3521672579
3521674282
3521725874
3521727363
3521727781
3521779169
3521779378
3521781285
3521781290
3534935338
3534936613
3535042785
3535043203
3535043621
3535096289
3535096498
3535097125
3535097130
3535148931
3535149793
3535150634
3535422898
3535424387
3535424805
3548632357
3548632362
3548633637
3548633642
3548739809
3548740645
3548740650
3548845537
3548845746
3548847653
3548847658
3549066418
3549068325
3549068330
3549120993
3549121202
3549121829
3549121834
3576025987
3576027690
3576353249
3576353458
3576353667
3576354090
3576460466
3576460675
3576461955
3576513970
3576515041
3576515250
3576515459
3576515882
3576567683
3576568545
3576569386
3659911649
3659911858
3659912067
3659913765
3660239747
3660240165
3660346755
3660347617
3660348035
3660400050
3660401539
3660401957
3660453345
3660453554
3660453763
3660454625
3660455461
3788629274
3788630549
3788682360
3788682569
3788682778
3788735864
3788736277
3788737353
3788843729
3788844361
3788844570
3789170129
3789171832
3789172245
3789172250
3843418441
3843418650
3843470456
3843470665
3843471945
3843523537
3843523960
3843524378
3843525240
3843525449
3843744209
3843745050
3843745912
3843746121
3843959505
3843960137
3843960346
3899962065
3899962901
3899963977
3900015569
3900016405
3900016410
3900017272
3900237082
3900238357
3900343672
3900344085
3900345161
3900451537
3900452169
3900452378
3913659089
3913659925
3913659930
3913934101
3913934106
3913935381
3913935386
3913987192
3913987605
3913987610
3914040273
3914041109
3914041114
3914041976
3914147281
3914148984
3914149397
3914149402
3927302609
3927304312
3927304521
3927304725
3927356113
3927356745
3927358025
3927410040
3927410453
3927411529
3927631125
3927632201
3927844305
3927845585
3927846008
3927846217
3927846421
4042323210
4042324485
4042377780
4042377994
4042429800
4042430213
4042537665
4042538506
4042590098
4042590960
4042591592
4042810770
4042812677
4042917360
4042918849
4042919476
4056021514
4056126824
4056127028
4056127242
4056128104
4056233618
4056235112
4056507794
4056509074
4056509492
4056509706
4056560880
4056561298
4056562792
4056563210
4056614802
4056615664
4056616296
4069717253
4069770548
4069771624
4069771828
4069772037
4069878000
4069878209
4069878836
4069879045
4069930433
4069931713
4069932136
4069932549
4069983728
4069985217
4069985844
4070205889
4070206516
4097112586
4097164178
4097165672
4097217473
4097217896
4097218314
4097219176
4097491440
4097491858
4097493352
4097493770
4097598866
4097599937
4097600146
4097600778
4097705874
4097706736
4097707368
4110807698
4110809192
4110914288
4110914920
4111134960
4111188882
4111190376
4111295890
4111296752
4111349394
4111350888
4167406320
4167406529
4167407156
4167407365
4167628037
4167680914
4167681332
4167682612
4167682821
4167734209
4167734836
4167841217
4167841426
4167842497
4167843333
4167894512
4167896001
4167896628
4194693360
4194800577
4194801204
4195021249
4195021876
4195074544
4195076660
4195183041
4195183668
4195235056
4195236545
